[ID: 0258865684]
Gen	LnL	TL	pi(A)	pi(C)	pi(G)	pi(T)
0	-9.867323e+03	1.970000e+01	2.500000e-01	2.500000e-01	2.500000e-01	2.500000e-01
100	-7.050937e+03	9.995639e+00	2.500000e-01	2.500000e-01	2.500000e-01	2.500000e-01
200	-5.833911e+03	3.691996e+00	2.500000e-01	2.500000e-01	2.500000e-01	2.500000e-01
300	-5.166263e+03	2.448032e+00	2.295105e-01	2.780729e-01	2.061959e-01	2.862207e-01
400	-4.764571e+03	2.868475e+00	2.002887e-01	2.861259e-01	2.209394e-01	2.926459e-01
500	-4.532969e+03	2.887006e+00	2.002887e-01	2.861259e-01	2.209394e-01	2.926459e-01
600	-4.085323e+03	2.280099e+00	2.002887e-01	2.861259e-01	2.209394e-01	2.926459e-01
700	-3.957175e+03	2.283722e+00	1.979307e-01	2.998815e-01	1.936063e-01	3.085816e-01
800	-3.865060e+03	2.273318e+00	1.979307e-01	2.998815e-01	1.936063e-01	3.085816e-01
900	-3.615856e+03	2.057141e+00	1.979307e-01	2.998815e-01	1.936063e-01	3.085816e-01
1000	-3.417776e+03	2.071199e+00	1.979307e-01	2.998815e-01	1.936063e-01	3.085816e-01
1100	-3.194318e+03	1.697750e+00	2.349057e-01	2.825199e-01	1.778243e-01	3.047501e-01
1200	-2.917205e+03	1.694353e+00	2.349057e-01	2.825199e-01	1.778243e-01	3.047501e-01
1300	-2.850003e+03	1.575392e+00	2.349057e-01	2.825199e-01	1.778243e-01	3.047501e-01
1400	-2.689661e+03	1.574006e+00	2.336560e-01	2.566634e-01	1.619308e-01	3.477499e-01
1500	-2.640364e+03	1.553856e+00	2.336560e-01	2.566634e-01	1.619308e-01	3.477499e-01
1600	-2.551509e+03	2.008449e+00	2.692082e-01	2.362602e-01	1.485624e-01	3.459692e-01
1700	-2.365077e+03	1.525964e+00	2.692082e-01	2.362602e-01	1.485624e-01	3.459692e-01
1800	-2.258505e+03	1.527876e+00	2.427220e-01	2.309190e-01	1.219203e-01	4.044387e-01
1900	-2.216772e+03	1.526136e+00	2.427220e-01	2.309190e-01	1.219203e-01	4.044387e-01
2000	-2.153410e+03	1.162410e+00	2.345704e-01	2.427667e-01	1.204347e-01	4.022282e-01
2100	-2.152519e+03	1.152411e+00	2.389840e-01	2.421679e-01	1.037598e-01	4.150883e-01
2200	-2.137728e+03	1.372115e+00	2.389840e-01	2.421679e-01	1.037598e-01	4.150883e-01
2300	-2.087766e+03	1.140442e+00	2.389840e-01	2.421679e-01	1.037598e-01	4.150883e-01
2400	-2.074139e+03	1.133242e+00	2.389840e-01	2.421679e-01	1.037598e-01	4.150883e-01
2500	-1.993131e+03	1.273078e+00	2.389840e-01	2.421679e-01	1.050205e-01	4.138277e-01
2600	-1.931281e+03	1.140282e+00	2.389840e-01	2.421679e-01	1.050205e-01	4.138277e-01
2700	-1.884891e+03	1.211282e+00	2.415778e-01	2.539069e-01	1.349075e-01	3.696078e-01
2800	-1.873838e+03	1.217398e+00	2.361465e-01	2.539069e-01	1.349075e-01	3.750390e-01
2900	-1.855087e+03	1.214331e+00	2.532794e-01	2.639094e-01	1.233392e-01	3.594720e-01
3000	-1.815330e+03	1.199122e+00	2.543191e-01	2.790553e-01	1.246054e-01	3.420202e-01
3100	-1.800689e+03	1.199227e+00	2.543191e-01	2.790553e-01	1.246054e-01	3.420202e-01
3200	-1.801432e+03	1.225377e+00	2.543191e-01	2.790553e-01	1.246054e-01	3.420202e-01
3300	-1.791473e+03	1.217548e+00	2.543191e-01	2.790553e-01	1.246054e-01	3.420202e-01
3400	-1.767058e+03	1.252128e+00	2.543191e-01	2.790553e-01	1.246054e-01	3.420202e-01
3500	-1.770904e+03	1.267358e+00	2.543191e-01	2.915711e-01	1.304879e-01	3.236218e-01
3600	-1.710259e+03	1.029840e+00	2.659231e-01	2.800003e-01	1.304879e-01	3.235886e-01
3700	-1.700282e+03	1.030388e+00	2.782291e-01	2.800003e-01	1.181819e-01	3.235886e-01
3800	-1.695419e+03	1.029705e+00	2.693249e-01	2.936976e-01	1.062827e-01	3.306948e-01
3900	-1.693020e+03	1.023066e+00	2.693249e-01	2.936976e-01	1.062827e-01	3.306948e-01
4000	-1.704665e+03	1.126744e+00	2.796926e-01	2.833299e-01	1.062827e-01	3.306948e-01
4100	-1.700287e+03	1.107930e+00	2.837510e-01	2.674149e-01	1.128640e-01	3.359702e-01
4200	-1.676278e+03	1.026655e+00	2.837510e-01	2.671098e-01	1.131690e-01	3.359702e-01
4300	-1.667329e+03	1.024912e+00	2.837510e-01	2.671098e-01	1.131690e-01	3.359702e-01
4400	-1.672636e+03	1.051179e+00	2.946637e-01	2.523104e-01	1.003996e-01	3.526263e-01
4500	-1.662243e+03	1.044367e+00	2.816045e-01	2.547789e-01	8.730808e-02	3.763086e-01
4600	-1.656481e+03	1.049076e+00	3.130299e-01	2.552828e-01	1.156369e-01	3.160504e-01
4700	-1.661673e+03	1.098159e+00	2.622270e-01	3.259774e-01	8.296596e-02	3.288297e-01
4800	-1.649794e+03	1.104997e+00	2.335919e-01	2.875524e-01	1.193212e-01	3.595345e-01
4900	-1.653421e+03	1.138974e+00	2.860835e-01	2.529850e-01	1.260671e-01	3.348644e-01
5000	-1.621944e+03	1.040479e+00	2.382745e-01	2.697019e-01	1.163590e-01	3.756645e-01
5100	-1.625894e+03	1.066833e+00	2.846874e-01	2.193592e-01	1.299122e-01	3.660412e-01
5200	-1.629296e+03	1.078814e+00	2.846874e-01	2.268126e-01	1.224588e-01	3.660412e-01
5300	-1.649658e+03	1.124908e+00	3.101348e-01	2.592637e-01	1.001925e-01	3.304091e-01
5400	-1.615898e+03	1.120144e+00	2.511979e-01	2.603021e-01	1.267956e-01	3.617044e-01
5500	-1.612548e+03	1.107911e+00	2.639159e-01	2.626533e-01	1.103441e-01	3.630867e-01
5600	-1.603102e+03	1.099663e+00	2.633080e-01	2.626533e-01	1.103441e-01	3.636946e-01
5700	-1.598643e+03	1.034260e+00	2.633080e-01	2.626533e-01	1.103441e-01	3.636946e-01
5800	-1.607549e+03	1.099217e+00	2.731170e-01	2.474627e-01	9.441208e-02	3.850082e-01
5900	-1.615513e+03	1.085600e+00	2.497429e-01	2.968068e-01	9.350506e-02	3.599452e-01
6000	-1.587680e+03	9.874686e-01	2.731170e-01	2.474627e-01	9.441208e-02	3.850082e-01
6100	-1.586869e+03	1.002995e+00	2.731170e-01	2.474627e-01	9.441208e-02	3.850082e-01
6200	-1.605383e+03	1.128842e+00	2.566011e-01	2.459958e-01	1.209335e-01	3.764695e-01
6300	-1.593756e+03	1.043274e+00	2.933826e-01	2.778034e-01	1.062665e-01	3.225475e-01
6400	-1.594160e+03	1.042044e+00	2.959741e-01	2.628443e-01	9.812952e-02	3.430521e-01
6500	-1.597714e+03	1.050033e+00	2.657658e-01	2.509340e-01	1.228783e-01	3.604219e-01
6600	-1.589874e+03	1.014437e+00	2.657658e-01	2.509340e-01	1.228783e-01	3.604219e-01
6700	-1.582043e+03	9.940416e-01	2.657658e-01	2.509340e-01	1.228783e-01	3.604219e-01
6800	-1.591941e+03	1.082073e+00	2.657658e-01	2.509340e-01	1.228783e-01	3.604219e-01
6900	-1.586681e+03	1.096490e+00	2.657658e-01	2.509340e-01	1.228783e-01	3.604219e-01
7000	-1.578880e+03	1.067435e+00	2.657658e-01	2.509340e-01	1.345989e-01	3.487013e-01
7100	-1.578173e+03	1.036085e+00	2.657658e-01	2.509340e-01	1.345989e-01	3.487013e-01
7200	-1.578602e+03	1.048512e+00	2.657658e-01	2.509340e-01	1.293540e-01	3.539462e-01
7300	-1.581170e+03	1.053426e+00	2.731464e-01	2.342114e-01	1.136047e-01	3.790375e-01
7400	-1.564032e+03	1.001079e+00	2.628048e-01	2.739235e-01	9.803911e-02	3.652326e-01
7500	-1.584013e+03	1.133987e+00	2.637819e-01	2.688798e-01	9.355353e-02	3.737848e-01
7600	-1.583629e+03	1.153348e+00	2.555977e-01	2.688798e-01	1.017377e-01	3.737848e-01
7700	-1.551804e+03	9.784951e-01	2.555977e-01	2.688798e-01	1.017377e-01	3.737848e-01
7800	-1.551498e+03	9.563189e-01	2.555977e-01	2.533500e-01	1.384935e-01	3.525587e-01
7900	-1.553377e+03	9.975082e-01	2.741850e-01	2.407205e-01	1.295462e-01	3.555483e-01
8000	-1.552312e+03	9.927765e-01	2.743851e-01	2.538786e-01	1.252340e-01	3.465024e-01
8100	-1.553499e+03	9.975109e-01	2.940665e-01	2.538786e-01	1.055525e-01	3.465024e-01
8200	-1.553966e+03	9.743053e-01	2.940665e-01	2.538786e-01	1.055525e-01	3.465024e-01
8300	-1.551951e+03	9.883012e-01	2.722464e-01	2.756987e-01	1.055525e-01	3.465024e-01
8400	-1.568339e+03	1.088109e+00	2.722464e-01	2.618147e-01	1.194366e-01	3.465024e-01
8500	-1.573175e+03	1.088450e+00	2.478523e-01	2.598021e-01	1.360826e-01	3.562631e-01
8600	-1.568466e+03	1.098027e+00	2.524754e-01	2.775270e-01	1.398982e-01	3.300995e-01
8700	-1.555814e+03	9.998983e-01	2.558658e-01	3.138104e-01	1.213747e-01	3.089491e-01
8800	-1.550924e+03	1.002216e+00	2.691035e-01	2.837405e-01	1.244389e-01	3.227172e-01
8900	-1.558979e+03	1.016002e+00	2.480895e-01	2.926626e-01	1.357588e-01	3.234891e-01
9000	-1.556414e+03	1.001477e+00	2.447160e-01	2.703875e-01	1.347223e-01	3.501742e-01
9100	-1.554750e+03	1.002876e+00	2.542904e-01	2.749149e-01	1.171863e-01	3.536083e-01
9200	-1.557995e+03	9.899308e-01	2.667081e-01	2.749149e-01	1.047686e-01	3.536083e-01
9300	-1.563204e+03	1.011909e+00	2.636213e-01	2.824678e-01	1.355221e-01	3.183887e-01
9400	-1.565998e+03	1.024475e+00	2.636213e-01	2.824678e-01	1.355221e-01	3.183887e-01
9500	-1.577129e+03	1.082496e+00	2.636213e-01	2.824678e-01	1.355221e-01	3.183887e-01
9600	-1.569805e+03	1.033499e+00	2.636213e-01	2.824678e-01	1.355221e-01	3.183887e-01
9700	-1.565783e+03	1.014733e+00	2.426565e-01	3.066495e-01	1.113405e-01	3.393536e-01
9800	-1.562544e+03	1.000314e+00	2.529191e-01	2.975304e-01	9.524428e-02	3.543063e-01
9900	-1.600335e+03	1.098209e+00	2.739384e-01	2.471834e-01	1.157672e-01	3.631110e-01
10000	-1.574164e+03	1.061094e+00	2.739384e-01	2.471834e-01	1.157672e-01	3.631110e-01
10100	-1.578021e+03	1.104671e+00	2.739384e-01	2.471834e-01	1.157672e-01	3.631110e-01
10200	-1.597779e+03	1.196875e+00	2.932348e-01	2.750767e-01	1.109694e-01	3.207190e-01
10300	-1.565214e+03	1.035947e+00	2.759237e-01	2.632504e-01	1.040660e-01	3.567600e-01
10400	-1.559908e+03	1.023606e+00	2.759237e-01	2.632504e-01	1.040660e-01	3.567600e-01
10500	-1.560589e+03	1.034231e+00	2.759237e-01	2.632504e-01	1.040660e-01	3.567600e-01
10600	-1.574132e+03	1.116643e+00	2.666976e-01	2.557225e-01	1.151198e-01	3.624602e-01
10700	-1.560357e+03	1.015193e+00	2.584171e-01	2.857228e-01	1.183064e-01	3.375536e-01
10800	-1.549870e+03	9.559683e-01	2.863076e-01	2.592495e-01	1.028629e-01	3.515801e-01
10900	-1.551188e+03	9.451664e-01	2.863076e-01	2.654942e-01	9.661814e-02	3.515801e-01
11000	-1.552665e+03	9.633546e-01	2.863076e-01	2.654942e-01	9.661814e-02	3.515801e-01
11100	-1.552234e+03	9.595030e-01	3.118999e-01	2.499198e-01	9.189746e-02	3.462828e-01
11200	-1.568014e+03	1.113223e+00	2.696484e-01	2.643173e-01	1.172770e-01	3.487573e-01
11300	-1.545190e+03	9.873530e-01	2.696484e-01	2.643173e-01	1.172770e-01	3.487573e-01
11400	-1.563109e+03	1.046602e+00	3.047752e-01	2.461765e-01	1.027654e-01	3.462828e-01
11500	-1.566504e+03	1.052384e+00	3.047752e-01	2.461765e-01	1.027654e-01	3.462828e-01
11600	-1.568122e+03	1.025302e+00	3.047752e-01	2.461765e-01	1.027654e-01	3.462828e-01
11700	-1.582772e+03	1.111952e+00	3.047752e-01	2.461765e-01	1.027654e-01	3.462828e-01
11800	-1.577309e+03	1.045910e+00	2.337665e-01	2.736868e-01	1.118211e-01	3.807257e-01
11900	-1.572733e+03	1.103081e+00	3.047752e-01	2.461765e-01	1.027654e-01	3.462828e-01
12000	-1.570837e+03	1.054219e+00	2.244118e-01	2.731967e-01	1.047929e-01	3.975985e-01
12100	-1.569574e+03	1.062266e+00	2.244118e-01	2.731967e-01	1.047929e-01	3.975985e-01
12200	-1.560007e+03	1.026826e+00	2.842939e-01	2.506418e-01	1.069548e-01	3.581095e-01
12300	-1.567403e+03	1.033915e+00	2.948345e-01	2.372850e-01	1.133116e-01	3.545688e-01
12400	-1.562974e+03	1.039806e+00	2.574936e-01	2.530331e-01	1.273495e-01	3.621238e-01
12500	-1.557812e+03	1.014728e+00	2.913980e-01	2.644484e-01	8.891526e-02	3.552383e-01
12600	-1.558039e+03	1.039492e+00	2.877963e-01	2.566014e-01	9.383255e-02	3.617697e-01
12700	-1.557981e+03	1.031284e+00	2.877963e-01	2.566014e-01	9.383255e-02	3.617697e-01
12800	-1.553752e+03	1.032750e+00	2.877963e-01	2.566014e-01	9.383255e-02	3.617697e-01
12900	-1.554872e+03	1.025539e+00	2.710106e-01	2.668230e-01	1.141256e-01	3.480409e-01
13000	-1.552817e+03	1.019119e+00	2.710106e-01	2.668230e-01	1.141256e-01	3.480409e-01
13100	-1.553993e+03	1.036534e+00	2.710106e-01	2.668230e-01	1.141256e-01	3.480409e-01
13200	-1.568518e+03	1.085158e+00	2.921433e-01	3.078357e-01	9.353988e-02	3.064811e-01
13300	-1.552587e+03	1.025344e+00	2.710106e-01	2.908690e-01	9.007953e-02	3.480409e-01
13400	-1.540670e+03	9.469257e-01	2.587176e-01	3.068576e-01	7.437011e-02	3.600547e-01
13500	-1.539626e+03	9.566666e-01	2.517595e-01	2.911248e-01	7.666824e-02	3.804474e-01
13600	-1.553935e+03	1.006278e+00	2.621770e-01	2.677584e-01	1.183599e-01	3.517047e-01
13700	-1.537330e+03	9.736787e-01	2.517595e-01	2.494475e-01	1.066006e-01	3.921924e-01
13800	-1.536649e+03	9.717618e-01	2.517595e-01	2.494475e-01	1.066006e-01	3.921924e-01
13900	-1.535949e+03	9.694596e-01	2.431997e-01	2.564795e-01	1.066006e-01	3.937202e-01
14000	-1.544415e+03	1.005616e+00	2.431997e-01	2.564795e-01	1.066006e-01	3.937202e-01
14100	-1.537234e+03	9.886734e-01	2.431997e-01	2.564795e-01	1.331477e-01	3.671730e-01
14200	-1.534387e+03	1.002581e+00	2.788530e-01	2.549771e-01	1.130104e-01	3.531594e-01
14300	-1.533638e+03	1.005438e+00	2.788530e-01	2.549771e-01	1.130104e-01	3.531594e-01
14400	-1.539044e+03	1.016049e+00	2.788530e-01	2.549771e-01	1.130104e-01	3.531594e-01
14500	-1.544620e+03	1.024505e+00	2.788530e-01	2.377099e-01	1.130104e-01	3.704267e-01
14600	-1.548830e+03	1.018529e+00	2.788530e-01	2.377099e-01	1.130104e-01	3.704267e-01
14700	-1.551373e+03	9.865365e-01	2.568774e-01	2.491210e-01	1.299439e-01	3.640576e-01
14800	-1.547627e+03	9.770390e-01	2.610480e-01	2.725468e-01	1.277551e-01	3.386501e-01
14900	-1.577954e+03	1.124960e+00	2.610480e-01	2.725468e-01	1.277551e-01	3.386501e-01
15000	-1.537684e+03	9.088301e-01	2.724453e-01	2.653499e-01	1.229110e-01	3.392938e-01
15100	-1.557367e+03	1.029035e+00	2.652106e-01	2.646955e-01	1.208202e-01	3.492737e-01
15200	-1.570819e+03	1.103144e+00	2.876299e-01	2.535289e-01	1.054299e-01	3.534113e-01
15300	-1.564531e+03	1.054036e+00	3.168981e-01	2.525720e-01	8.516086e-02	3.453691e-01
15400	-1.572437e+03	1.090682e+00	2.563438e-01	2.810537e-01	1.202551e-01	3.423474e-01
15500	-1.541272e+03	1.022524e+00	2.944362e-01	2.894721e-01	8.679080e-02	3.293009e-01
15600	-1.553085e+03	1.083672e+00	2.944362e-01	2.695852e-01	1.147482e-01	3.212304e-01
15700	-1.551581e+03	1.067890e+00	2.822002e-01	2.715638e-01	1.269503e-01	3.192857e-01
15800	-1.544976e+03	1.033546e+00	2.822002e-01	2.715638e-01	1.092850e-01	3.369510e-01
15900	-1.548685e+03	1.059163e+00	2.822002e-01	2.715638e-01	1.092850e-01	3.369510e-01
16000	-1.567719e+03	1.132629e+00	2.512852e-01	2.715638e-01	1.092850e-01	3.678660e-01
16100	-1.552564e+03	9.784533e-01	2.615186e-01	2.783743e-01	1.281756e-01	3.319315e-01
16200	-1.558059e+03	1.012168e+00	2.524919e-01	2.830276e-01	1.140568e-01	3.504237e-01
16300	-1.585020e+03	1.150285e+00	2.524919e-01	2.830276e-01	1.140568e-01	3.504237e-01
16400	-1.544815e+03	1.042229e+00	2.607780e-01	2.813640e-01	1.210091e-01	3.368489e-01
16500	-1.549183e+03	1.052590e+00	2.500610e-01	2.812562e-01	1.224425e-01	3.462404e-01
16600	-1.575555e+03	1.137713e+00	2.730049e-01	2.562374e-01	1.124172e-01	3.583405e-01
16700	-1.569043e+03	1.073064e+00	2.656436e-01	3.025987e-01	9.191844e-02	3.398392e-01
16800	-1.555450e+03	1.041132e+00	2.688440e-01	2.837879e-01	8.944289e-02	3.579252e-01
16900	-1.550578e+03	9.998859e-01	2.688440e-01	2.837879e-01	8.944289e-02	3.579252e-01
17000	-1.563686e+03	1.042751e+00	2.805924e-01	2.524121e-01	9.050393e-02	3.764916e-01
17100	-1.557666e+03	1.070609e+00	2.688440e-01	2.837879e-01	8.944289e-02	3.579252e-01
17200	-1.559653e+03	1.024722e+00	2.766396e-01	2.488846e-01	1.224240e-01	3.520518e-01
17300	-1.555071e+03	1.016186e+00	2.733811e-01	2.422474e-01	1.305352e-01	3.538363e-01
17400	-1.541616e+03	9.794100e-01	2.600580e-01	2.717511e-01	1.160225e-01	3.521684e-01
17500	-1.594317e+03	1.160869e+00	2.926085e-01	2.842236e-01	9.054304e-02	3.326249e-01
17600	-1.560227e+03	1.077911e+00	2.835472e-01	2.285134e-01	1.112917e-01	3.766477e-01
17700	-1.562559e+03	1.076744e+00	2.835472e-01	2.285134e-01	1.112917e-01	3.766477e-01
17800	-1.565077e+03	1.091441e+00	2.835472e-01	2.285134e-01	1.112917e-01	3.766477e-01
17900	-1.559120e+03	1.084225e+00	2.652123e-01	2.630659e-01	1.137802e-01	3.579416e-01
18000	-1.549088e+03	1.028021e+00	2.652123e-01	2.630659e-01	1.137802e-01	3.579416e-01
18100	-1.556660e+03	9.397354e-01	2.672298e-01	2.712373e-01	1.018073e-01	3.597257e-01
18200	-1.556664e+03	1.051765e+00	2.652123e-01	2.630659e-01	1.137802e-01	3.579416e-01
18300	-1.540622e+03	9.922778e-01	2.652123e-01	2.630659e-01	1.137802e-01	3.579416e-01
18400	-1.536547e+03	9.646118e-01	2.652123e-01	2.630659e-01	1.137802e-01	3.579416e-01
18500	-1.561381e+03	1.104394e+00	2.752956e-01	2.522703e-01	1.080323e-01	3.644019e-01
18600	-1.558262e+03	1.064279e+00	2.297207e-01	2.634321e-01	1.202477e-01	3.865995e-01
18700	-1.544018e+03	1.005006e+00	2.626749e-01	2.870732e-01	1.188497e-01	3.314021e-01
18800	-1.547958e+03	9.890472e-01	2.442985e-01	2.665289e-01	1.262253e-01	3.629473e-01
18900	-1.542562e+03	9.624041e-01	2.485990e-01	2.665289e-01	1.219248e-01	3.629473e-01
19000	-1.537298e+03	9.638169e-01	2.364837e-01	2.786442e-01	1.219248e-01	3.629473e-01
19100	-1.542191e+03	9.782545e-01	2.472102e-01	2.548675e-01	1.265314e-01	3.713909e-01
19200	-1.546587e+03	9.738983e-01	2.815899e-01	2.138476e-01	1.003308e-01	4.042318e-01
19300	-1.559362e+03	1.018749e+00	2.472910e-01	2.138476e-01	1.346296e-01	4.042318e-01
19400	-1.553519e+03	1.012570e+00	2.472910e-01	2.138476e-01	1.346296e-01	4.042318e-01
19500	-1.555144e+03	1.028861e+00	2.472910e-01	2.138476e-01	1.346296e-01	4.042318e-01
19600	-1.535836e+03	9.544187e-01	2.841836e-01	2.638505e-01	1.059082e-01	3.460576e-01
19700	-1.532700e+03	9.716710e-01	2.841836e-01	2.638505e-01	1.059082e-01	3.460576e-01
19800	-1.531212e+03	9.654565e-01	2.841836e-01	2.638505e-01	1.163373e-01	3.356285e-01
19900	-1.560992e+03	1.019255e+00	2.472910e-01	2.352316e-01	1.132456e-01	4.042318e-01
20000	-1.548554e+03	1.042707e+00	2.687181e-01	2.793160e-01	1.163373e-01	3.356285e-01
20100	-1.534813e+03	9.776437e-01	2.776619e-01	2.651353e-01	1.167830e-01	3.404198e-01
20200	-1.567686e+03	1.145301e+00	2.776619e-01	2.651353e-01	1.167830e-01	3.404198e-01
20300	-1.553034e+03	1.046322e+00	2.757028e-01	2.614964e-01	1.228591e-01	3.399416e-01
20400	-1.575483e+03	1.081722e+00	3.304608e-01	2.151065e-01	9.482763e-02	3.596051e-01
20500	-1.554171e+03	1.055719e+00	2.757028e-01	2.614964e-01	1.228591e-01	3.399416e-01
20600	-1.566874e+03	1.140716e+00	2.822937e-01	2.642897e-01	1.156793e-01	3.377372e-01
20700	-1.560365e+03	1.123584e+00	2.478367e-01	2.795104e-01	1.256776e-01	3.469754e-01
20800	-1.561120e+03	1.097677e+00	2.791450e-01	2.720867e-01	1.110311e-01	3.377372e-01
20900	-1.547923e+03	1.049136e+00	2.795753e-01	2.477717e-01	1.256776e-01	3.469754e-01
21000	-1.540463e+03	1.031759e+00	2.795753e-01	2.477717e-01	1.256776e-01	3.469754e-01
21100	-1.556801e+03	1.131258e+00	2.658573e-01	2.564767e-01	1.142483e-01	3.634177e-01
21200	-1.549607e+03	1.117863e+00	2.658573e-01	2.564767e-01	1.142483e-01	3.634177e-01
21300	-1.529762e+03	1.011908e+00	2.658573e-01	2.564767e-01	1.142483e-01	3.634177e-01
21400	-1.526727e+03	1.013075e+00	2.658573e-01	2.564767e-01	1.142483e-01	3.634177e-01
21500	-1.536326e+03	1.037713e+00	2.658573e-01	2.564767e-01	1.142483e-01	3.634177e-01
21600	-1.548686e+03	1.093692e+00	2.824205e-01	2.469745e-01	1.071873e-01	3.634177e-01
21700	-1.533452e+03	1.034856e+00	2.824205e-01	2.469745e-01	1.071873e-01	3.634177e-01
21800	-1.568244e+03	1.075385e+00	2.842150e-01	2.312163e-01	1.250181e-01	3.595507e-01
21900	-1.537525e+03	1.042504e+00	2.721264e-01	2.827963e-01	1.153454e-01	3.297319e-01
22000	-1.549098e+03	1.068376e+00	2.521354e-01	2.783693e-01	1.333566e-01	3.361387e-01
22100	-1.559397e+03	1.132708e+00	2.685534e-01	2.827963e-01	1.394006e-01	3.092496e-01
22200	-1.565580e+03	1.033808e+00	2.281626e-01	3.110178e-01	1.343730e-01	3.264466e-01
22300	-1.549373e+03	1.053702e+00	2.521354e-01	3.081840e-01	1.035419e-01	3.361387e-01
22400	-1.553130e+03	1.039979e+00	2.521354e-01	3.081840e-01	1.035419e-01	3.361387e-01
22500	-1.549973e+03	1.050122e+00	2.521354e-01	3.081840e-01	1.035419e-01	3.361387e-01
22600	-1.542280e+03	9.362012e-01	2.640971e-01	3.107586e-01	1.396400e-01	2.855042e-01
22700	-1.540865e+03	9.266692e-01	2.610663e-01	3.107586e-01	1.426709e-01	2.855042e-01
22800	-1.553060e+03	1.058726e+00	2.214620e-01	2.868978e-01	1.257095e-01	3.659307e-01
22900	-1.549304e+03	1.028755e+00	2.214620e-01	2.868978e-01	1.257095e-01	3.659307e-01
23000	-1.533398e+03	9.316181e-01	2.423963e-01	2.868978e-01	1.047752e-01	3.659307e-01
23100	-1.539771e+03	9.536321e-01	2.555377e-01	2.587136e-01	1.020971e-01	3.836516e-01
23200	-1.535594e+03	1.020113e+00	2.927951e-01	2.645058e-01	1.296541e-01	3.130450e-01
23300	-1.551727e+03	1.006866e+00	2.331966e-01	2.875279e-01	1.244382e-01	3.548372e-01
23400	-1.552490e+03	1.015279e+00	2.331966e-01	2.875279e-01	1.244382e-01	3.548372e-01
23500	-1.546264e+03	9.979971e-01	2.405098e-01	2.664292e-01	1.189816e-01	3.740795e-01
23600	-1.547633e+03	9.974068e-01	2.405098e-01	2.818384e-01	1.035723e-01	3.740795e-01
23700	-1.546450e+03	9.929677e-01	2.405098e-01	2.818384e-01	1.035723e-01	3.740795e-01
23800	-1.544555e+03	9.867556e-01	2.591102e-01	2.891477e-01	1.046265e-01	3.471156e-01
23900	-1.558662e+03	1.010879e+00	2.846430e-01	2.524337e-01	8.923231e-02	3.736911e-01
24000	-1.571891e+03	1.081054e+00	2.619804e-01	2.524337e-01	1.118949e-01	3.736911e-01
24100	-1.552369e+03	1.096816e+00	2.419798e-01	2.659137e-01	1.288579e-01	3.632486e-01
24200	-1.542050e+03	1.062774e+00	2.419798e-01	2.874387e-01	1.073329e-01	3.632486e-01
24300	-1.537680e+03	1.054289e+00	2.419798e-01	2.874387e-01	1.073329e-01	3.632486e-01
24400	-1.534029e+03	1.017838e+00	2.419798e-01	2.874387e-01	1.073329e-01	3.632486e-01
24500	-1.557682e+03	1.044317e+00	2.378129e-01	2.986689e-01	1.032049e-01	3.603133e-01
24600	-1.544693e+03	1.071007e+00	2.594100e-01	2.708553e-01	1.096566e-01	3.600781e-01
24700	-1.541513e+03	1.041256e+00	2.692418e-01	3.019546e-01	9.961393e-02	3.291897e-01
24800	-1.536137e+03	1.035137e+00	2.728363e-01	2.943358e-01	9.853342e-02	3.342944e-01
24900	-1.533345e+03	1.006070e+00	2.728363e-01	2.943358e-01	9.853342e-02	3.342944e-01
25000	-1.535559e+03	1.025593e+00	2.728363e-01	2.943358e-01	9.853342e-02	3.342944e-01
25100	-1.532142e+03	9.687637e-01	2.827071e-01	2.943358e-01	8.866262e-02	3.342944e-01
25200	-1.531535e+03	9.750532e-01	2.632237e-01	2.932565e-01	1.191709e-01	3.243490e-01
25300	-1.526432e+03	9.569533e-01	2.926417e-01	2.619544e-01	1.356131e-01	3.097908e-01
25400	-1.569817e+03	1.133777e+00	2.592917e-01	2.861023e-01	1.073140e-01	3.472920e-01
25500	-1.582182e+03	1.189873e+00	3.168599e-01	2.522361e-01	9.652045e-02	3.343836e-01
25600	-1.556070e+03	1.140714e+00	3.186713e-01	2.734538e-01	1.121873e-01	2.956876e-01
25700	-1.524999e+03	9.858818e-01	3.022220e-01	2.899031e-01	1.121873e-01	2.956876e-01
25800	-1.555081e+03	1.164613e+00	3.022220e-01	2.899031e-01	1.121873e-01	2.956876e-01
25900	-1.560222e+03	1.070454e+00	2.616207e-01	2.608458e-01	1.269218e-01	3.506117e-01
26000	-1.536020e+03	1.069291e+00	2.902339e-01	2.777148e-01	1.034753e-01	3.285760e-01
26100	-1.537563e+03	1.070188e+00	2.476426e-01	2.850833e-01	1.285736e-01	3.387005e-01
26200	-1.533115e+03	1.054952e+00	2.476426e-01	2.850833e-01	1.285736e-01	3.387005e-01
26300	-1.541760e+03	1.072979e+00	2.476426e-01	2.850833e-01	1.285736e-01	3.387005e-01
26400	-1.541048e+03	1.088181e+00	2.640105e-01	2.687817e-01	1.295445e-01	3.376632e-01
26500	-1.543962e+03	1.088806e+00	2.640105e-01	2.687817e-01	1.295445e-01	3.376632e-01
26600	-1.547546e+03	1.127217e+00	2.640105e-01	2.687817e-01	1.137469e-01	3.534609e-01
26700	-1.539792e+03	1.050687e+00	2.640105e-01	2.687817e-01	1.137469e-01	3.534609e-01
26800	-1.539506e+03	1.044739e+00	2.640105e-01	2.687817e-01	1.137469e-01	3.534609e-01
26900	-1.552280e+03	1.078717e+00	2.640105e-01	2.687817e-01	1.137469e-01	3.534609e-01
27000	-1.551473e+03	1.056366e+00	2.640105e-01	2.938463e-01	8.868235e-02	3.534609e-01
27100	-1.549121e+03	1.016391e+00	2.640105e-01	2.938463e-01	8.868235e-02	3.534609e-01
27200	-1.563808e+03	1.083692e+00	2.577680e-01	2.638812e-01	1.184440e-01	3.599068e-01
27300	-1.570260e+03	1.015611e+00	2.667979e-01	2.625535e-01	9.715180e-02	3.734968e-01
27400	-1.566887e+03	1.004228e+00	2.667979e-01	2.571644e-01	9.715180e-02	3.788859e-01
27500	-1.555269e+03	1.041255e+00	2.312952e-01	3.039266e-01	1.221124e-01	3.426658e-01
27600	-1.532290e+03	9.568586e-01	2.778299e-01	2.689912e-01	9.163867e-02	3.615402e-01
27700	-1.531249e+03	9.660281e-01	2.979697e-01	2.638812e-01	1.004252e-01	3.377240e-01
27800	-1.528148e+03	9.718945e-01	2.780969e-01	2.526351e-01	1.090798e-01	3.601882e-01
27900	-1.549588e+03	1.098751e+00	2.780969e-01	2.526351e-01	1.090798e-01	3.601882e-01
28000	-1.551099e+03	1.111653e+00	2.780969e-01	2.526351e-01	1.090798e-01	3.601882e-01
28100	-1.549880e+03	1.057880e+00	2.780969e-01	2.526351e-01	1.090798e-01	3.601882e-01
28200	-1.549730e+03	1.084474e+00	2.780969e-01	2.526351e-01	1.090798e-01	3.601882e-01
28300	-1.549702e+03	1.082163e+00	2.780969e-01	2.526351e-01	1.090798e-01	3.601882e-01
28400	-1.551972e+03	1.078255e+00	2.411959e-01	2.526351e-01	1.459809e-01	3.601882e-01
28500	-1.542520e+03	1.044440e+00	2.788759e-01	2.526351e-01	1.083008e-01	3.601882e-01
28600	-1.542604e+03	1.042512e+00	2.788759e-01	2.526351e-01	1.083008e-01	3.601882e-01
28700	-1.549292e+03	1.077378e+00	2.639222e-01	2.648013e-01	1.049875e-01	3.662889e-01
28800	-1.545746e+03	1.044224e+00	2.884490e-01	2.254788e-01	1.323629e-01	3.537093e-01
28900	-1.537198e+03	1.031228e+00	2.884490e-01	2.254788e-01	1.323629e-01	3.537093e-01
29000	-1.546856e+03	1.081184e+00	2.884490e-01	2.254788e-01	1.323629e-01	3.537093e-01
29100	-1.521832e+03	9.140992e-01	3.216283e-01	2.330769e-01	1.135781e-01	3.317167e-01
29200	-1.577223e+03	1.200802e+00	3.216283e-01	2.330769e-01	1.188064e-01	3.264884e-01
29300	-1.546397e+03	1.042467e+00	3.216283e-01	2.330769e-01	1.188064e-01	3.264884e-01
29400	-1.559493e+03	1.018466e+00	2.622542e-01	2.493297e-01	1.026567e-01	3.857594e-01
29500	-1.515150e+03	8.913031e-01	2.983015e-01	2.330769e-01	1.188064e-01	3.498152e-01
29600	-1.520999e+03	9.319399e-01	2.549232e-01	2.764553e-01	1.188064e-01	3.498152e-01
29700	-1.565271e+03	1.043136e+00	2.867641e-01	2.223036e-01	1.203867e-01	3.705456e-01
29800	-1.527189e+03	9.902985e-01	2.606574e-01	2.641075e-01	1.250151e-01	3.502200e-01
29900	-1.542760e+03	1.086235e+00	2.685874e-01	2.690914e-01	1.196140e-01	3.427072e-01
30000	-1.527781e+03	1.007035e+00	2.685874e-01	2.690914e-01	1.196140e-01	3.427072e-01
30100	-1.534183e+03	1.020131e+00	2.755019e-01	2.694114e-01	1.009332e-01	3.541536e-01
30200	-1.547201e+03	1.110932e+00	2.755019e-01	2.694114e-01	1.009332e-01	3.541536e-01
30300	-1.534504e+03	1.039749e+00	2.755019e-01	2.694114e-01	1.009332e-01	3.541536e-01
30400	-1.537560e+03	1.052047e+00	2.811371e-01	2.570710e-01	1.037311e-01	3.580608e-01
30500	-1.541773e+03	9.693292e-01	2.702389e-01	2.474500e-01	1.222239e-01	3.600871e-01
30600	-1.543507e+03	1.075494e+00	2.811371e-01	2.437032e-01	1.170989e-01	3.580608e-01
30700	-1.534016e+03	9.946029e-01	2.811371e-01	2.437032e-01	1.170989e-01	3.580608e-01
30800	-1.538046e+03	1.044117e+00	2.811371e-01	2.437032e-01	1.170989e-01	3.580608e-01
30900	-1.546564e+03	1.047114e+00	2.788726e-01	2.474500e-01	1.097387e-01	3.639386e-01
31000	-1.539213e+03	1.040298e+00	2.612825e-01	2.780865e-01	1.019155e-01	3.587154e-01
31100	-1.553735e+03	1.078098e+00	2.811371e-01	2.620929e-01	1.170989e-01	3.396711e-01
31200	-1.562309e+03	1.143250e+00	2.544169e-01	2.938173e-01	1.008964e-01	3.508695e-01
31300	-1.532812e+03	9.974302e-01	2.623290e-01	2.859051e-01	1.008964e-01	3.508695e-01
31400	-1.540834e+03	1.007344e+00	2.560291e-01	2.853368e-01	9.265499e-02	3.659791e-01
31500	-1.540251e+03	1.025240e+00	2.560291e-01	2.853368e-01	9.265499e-02	3.659791e-01
31600	-1.537578e+03	1.029145e+00	2.717780e-01	2.830317e-01	1.192494e-01	3.259409e-01
31700	-1.551052e+03	1.025764e+00	3.267252e-01	2.375531e-01	1.125181e-01	3.232036e-01
31800	-1.539174e+03	9.960832e-01	2.589924e-01	2.761088e-01	1.261723e-01	3.387265e-01
31900	-1.552486e+03	1.093562e+00	2.589924e-01	2.761088e-01	1.261723e-01	3.387265e-01
32000	-1.557096e+03	1.073459e+00	3.049059e-01	2.400098e-01	1.003355e-01	3.547488e-01
32100	-1.542515e+03	1.096561e+00	2.589924e-01	2.761088e-01	1.173210e-01	3.475777e-01
32200	-1.545018e+03	1.093759e+00	2.589924e-01	2.616537e-01	1.173210e-01	3.620329e-01
32300	-1.534185e+03	1.028578e+00	2.589924e-01	2.616537e-01	1.173210e-01	3.620329e-01
32400	-1.551128e+03	1.081075e+00	2.471705e-01	2.890929e-01	1.310241e-01	3.327125e-01
32500	-1.541724e+03	1.009760e+00	2.471705e-01	2.890929e-01	1.310241e-01	3.327125e-01
32600	-1.541134e+03	1.036435e+00	2.471705e-01	2.864715e-01	1.336456e-01	3.327125e-01
32700	-1.557795e+03	1.034909e+00	2.852460e-01	2.374967e-01	1.047732e-01	3.724841e-01
32800	-1.554352e+03	1.058216e+00	2.889940e-01	2.647930e-01	1.185579e-01	3.276550e-01
32900	-1.517713e+03	8.954534e-01	2.637161e-01	2.721000e-01	1.153964e-01	3.487876e-01
33000	-1.540151e+03	1.031071e+00	2.637161e-01	2.721000e-01	1.153964e-01	3.487876e-01
33100	-1.512455e+03	8.587016e-01	2.637161e-01	2.721000e-01	1.153964e-01	3.487876e-01
33200	-1.542051e+03	1.054806e+00	3.018691e-01	2.488471e-01	1.085233e-01	3.407605e-01
33300	-1.546890e+03	1.043342e+00	2.696785e-01	2.814413e-01	1.072109e-01	3.416693e-01
33400	-1.536635e+03	1.046162e+00	2.637161e-01	2.721000e-01	1.231752e-01	3.410087e-01
33500	-1.532181e+03	1.036488e+00	2.693164e-01	2.607006e-01	1.146314e-01	3.553516e-01
33600	-1.535118e+03	1.039324e+00	2.825477e-01	2.607006e-01	1.146314e-01	3.421202e-01
33700	-1.528569e+03	1.001172e+00	2.749939e-01	2.823104e-01	9.480612e-02	3.478896e-01
33800	-1.525028e+03	9.982675e-01	2.749939e-01	2.823104e-01	1.101490e-01	3.325467e-01
33900	-1.542338e+03	1.055614e+00	2.647039e-01	2.781456e-01	1.007691e-01	3.563814e-01
34000	-1.548558e+03	1.066746e+00	2.397463e-01	2.781456e-01	1.257267e-01	3.563814e-01
34100	-1.551396e+03	1.074396e+00	2.738263e-01	2.595487e-01	1.329946e-01	3.336305e-01
34200	-1.531980e+03	1.017161e+00	2.769974e-01	2.296469e-01	1.259935e-01	3.673622e-01
34300	-1.535504e+03	1.044594e+00	2.644915e-01	2.564374e-01	1.300469e-01	3.490241e-01
34400	-1.540290e+03	1.044191e+00	2.837499e-01	2.611213e-01	1.094921e-01	3.456367e-01
34500	-1.535299e+03	1.024994e+00	2.609414e-01	2.627292e-01	1.303311e-01	3.459983e-01
34600	-1.541889e+03	1.077104e+00	2.609414e-01	2.627292e-01	1.303311e-01	3.459983e-01
34700	-1.544476e+03	1.089335e+00	2.609414e-01	2.617252e-01	9.334159e-02	3.839918e-01
34800	-1.544005e+03	1.096376e+00	3.017363e-01	2.592462e-01	1.075510e-01	3.314665e-01
34900	-1.554224e+03	1.125519e+00	3.069308e-01	2.362159e-01	1.237180e-01	3.331353e-01
35000	-1.542827e+03	1.076159e+00	2.925847e-01	2.632223e-01	1.046485e-01	3.395444e-01
35100	-1.552122e+03	1.133492e+00	2.643164e-01	2.741179e-01	1.185145e-01	3.430512e-01
35200	-1.533028e+03	1.062985e+00	2.643164e-01	2.741179e-01	1.185145e-01	3.430512e-01
35300	-1.540194e+03	1.083498e+00	2.467282e-01	2.553368e-01	1.209538e-01	3.769812e-01
35400	-1.562178e+03	1.146513e+00	2.724246e-01	2.967572e-01	1.015839e-01	3.292343e-01
35500	-1.541765e+03	1.079604e+00	2.933754e-01	2.719202e-01	1.127177e-01	3.219867e-01
35600	-1.530509e+03	1.005988e+00	2.933754e-01	2.567857e-01	1.278522e-01	3.219867e-01
35700	-1.529748e+03	9.573369e-01	3.173934e-01	2.567857e-01	1.038342e-01	3.219867e-01
35800	-1.545171e+03	1.058387e+00	2.905964e-01	2.567857e-01	1.306312e-01	3.219867e-01
35900	-1.560585e+03	1.038787e+00	2.724246e-01	2.768798e-01	9.384037e-02	3.568552e-01
36000	-1.555777e+03	1.019921e+00	2.724246e-01	2.768798e-01	9.384037e-02	3.568552e-01
36100	-1.546905e+03	1.000338e+00	2.888593e-01	2.804582e-01	9.045931e-02	3.402232e-01
36200	-1.546944e+03	1.022900e+00	2.804319e-01	2.804582e-01	9.888668e-02	3.402232e-01
36300	-1.552175e+03	1.076030e+00	2.941902e-01	2.644829e-01	1.148302e-01	3.264967e-01
36400	-1.526798e+03	9.762607e-01	2.923204e-01	2.688507e-01	1.148299e-01	3.239990e-01
36500	-1.540204e+03	1.076970e+00	2.923204e-01	2.688507e-01	1.148299e-01	3.239990e-01
36600	-1.547055e+03	1.077752e+00	2.605809e-01	2.688507e-01	1.148299e-01	3.557385e-01
36700	-1.552491e+03	1.106997e+00	2.605809e-01	2.688507e-01	1.148299e-01	3.557385e-01
36800	-1.525576e+03	9.791619e-01	2.690907e-01	2.790501e-01	1.052662e-01	3.465930e-01
36900	-1.553138e+03	1.026823e+00	2.736659e-01	2.498511e-01	1.386904e-01	3.377927e-01
37000	-1.557243e+03	1.140457e+00	2.386347e-01	2.621766e-01	1.196567e-01	3.795320e-01
37100	-1.560923e+03	1.078680e+00	3.021159e-01	2.530581e-01	1.296240e-01	3.152020e-01
37200	-1.527866e+03	9.585872e-01	2.790334e-01	2.417816e-01	1.121606e-01	3.670243e-01
37300	-1.528533e+03	9.587889e-01	2.790334e-01	2.576271e-01	1.121606e-01	3.511788e-01
37400	-1.560849e+03	1.145685e+00	2.777875e-01	2.768479e-01	1.121639e-01	3.332008e-01
37500	-1.555387e+03	1.027155e+00	2.677429e-01	2.462072e-01	1.064698e-01	3.795801e-01
37600	-1.554419e+03	1.110001e+00	2.777875e-01	2.768479e-01	1.121639e-01	3.332008e-01
37700	-1.548553e+03	1.140634e+00	2.777875e-01	2.768479e-01	1.121639e-01	3.332008e-01
37800	-1.546849e+03	1.125418e+00	2.959275e-01	2.690142e-01	1.228611e-01	3.121972e-01
37900	-1.553579e+03	1.112416e+00	3.237167e-01	2.690142e-01	9.507187e-02	3.121972e-01
38000	-1.539563e+03	1.053332e+00	3.152548e-01	2.676030e-01	9.331705e-02	3.238251e-01
38100	-1.535737e+03	1.044434e+00	2.920762e-01	2.907817e-01	9.331705e-02	3.238251e-01
38200	-1.520841e+03	9.365575e-01	2.912539e-01	2.907817e-01	9.331705e-02	3.246474e-01
38300	-1.555136e+03	1.044681e+00	2.531952e-01	2.732385e-01	1.395144e-01	3.340519e-01
38400	-1.556102e+03	1.079599e+00	2.590242e-01	2.907817e-01	9.248520e-02	3.577089e-01
38500	-1.544606e+03	1.029797e+00	2.950089e-01	2.714398e-01	1.067320e-01	3.268194e-01
38600	-1.545768e+03	1.032248e+00	2.950089e-01	2.714398e-01	1.067320e-01	3.268194e-01
38700	-1.533907e+03	9.846967e-01	2.950089e-01	2.714398e-01	1.067320e-01	3.268194e-01
38800	-1.558604e+03	1.082357e+00	2.950089e-01	2.714398e-01	1.067320e-01	3.268194e-01
38900	-1.561129e+03	1.094804e+00	2.950089e-01	2.714398e-01	1.067320e-01	3.268194e-01
39000	-1.564409e+03	1.110869e+00	2.950089e-01	2.714398e-01	1.067320e-01	3.268194e-01
39100	-1.563699e+03	1.085455e+00	2.950089e-01	2.680225e-01	1.010290e-01	3.359396e-01
39200	-1.551615e+03	9.324584e-01	2.288431e-01	2.740456e-01	1.054381e-01	3.916732e-01
39300	-1.584743e+03	1.088228e+00	2.770745e-01	2.616883e-01	1.023709e-01	3.588663e-01
39400	-1.558400e+03	9.555998e-01	2.394822e-01	2.638928e-01	1.047060e-01	3.919190e-01
39500	-1.558155e+03	9.924939e-01	2.549376e-01	2.485434e-01	1.091316e-01	3.873875e-01
39600	-1.558260e+03	1.085442e+00	2.594797e-01	2.619165e-01	1.365582e-01	3.420456e-01
39700	-1.568993e+03	1.127671e+00	2.594797e-01	2.657710e-01	1.365582e-01	3.381910e-01
39800	-1.538336e+03	9.673200e-01	2.594797e-01	2.657710e-01	1.365582e-01	3.381910e-01
39900	-1.534438e+03	9.538831e-01	2.594797e-01	2.657710e-01	1.365582e-01	3.381910e-01
40000	-1.535270e+03	9.548812e-01	2.504961e-01	2.657710e-01	1.365582e-01	3.471747e-01
40100	-1.557199e+03	1.103490e+00	2.671250e-01	2.599231e-01	1.048915e-01	3.680604e-01
40200	-1.564827e+03	1.074863e+00	2.775090e-01	2.470873e-01	1.090867e-01	3.663170e-01
40300	-1.532115e+03	1.011690e+00	2.824619e-01	2.563168e-01	9.594849e-02	3.652728e-01
40400	-1.532627e+03	1.016909e+00	2.824619e-01	2.654908e-01	8.677456e-02	3.652728e-01
40500	-1.530561e+03	1.008780e+00	3.063017e-01	2.625196e-01	1.047508e-01	3.264279e-01
40600	-1.548444e+03	1.111376e+00	3.063017e-01	2.625196e-01	1.047508e-01	3.264279e-01
40700	-1.545985e+03	1.092701e+00	3.037939e-01	2.782025e-01	1.038102e-01	3.141934e-01
40800	-1.528770e+03	9.595814e-01	3.037939e-01	2.782025e-01	1.038102e-01	3.141934e-01
40900	-1.545325e+03	9.755357e-01	2.616802e-01	2.656841e-01	8.594984e-02	3.866858e-01
41000	-1.524956e+03	1.033130e+00	2.889618e-01	2.626596e-01	1.095043e-01	3.388743e-01
41100	-1.522827e+03	1.016523e+00	2.889618e-01	2.626596e-01	1.095043e-01	3.388743e-01
41200	-1.538228e+03	1.091972e+00	2.717861e-01	2.763883e-01	1.227892e-01	3.290364e-01
41300	-1.530031e+03	1.063148e+00	2.717861e-01	2.763883e-01	1.227892e-01	3.290364e-01
41400	-1.523492e+03	1.040966e+00	2.717861e-01	2.763883e-01	1.227892e-01	3.290364e-01
41500	-1.519673e+03	1.015005e+00	2.752608e-01	2.938531e-01	1.081412e-01	3.227449e-01
41600	-1.525714e+03	1.023118e+00	2.752608e-01	2.938531e-01	1.081412e-01	3.227449e-01
41700	-1.526466e+03	1.012466e+00	2.480349e-01	2.938531e-01	1.353671e-01	3.227449e-01
41800	-1.531438e+03	1.030163e+00	2.480349e-01	2.928038e-01	1.364165e-01	3.227449e-01
41900	-1.529152e+03	9.877601e-01	2.480349e-01	2.928038e-01	1.364165e-01	3.227449e-01
42000	-1.529952e+03	9.947460e-01	3.088573e-01	2.843366e-01	8.406117e-02	3.227449e-01
42100	-1.534826e+03	1.021465e+00	3.213443e-01	2.718497e-01	9.400205e-02	3.128040e-01
42200	-1.550239e+03	1.080999e+00	3.066379e-01	2.559315e-01	1.169537e-01	3.204769e-01
42300	-1.552651e+03	1.113606e+00	2.688324e-01	2.729394e-01	1.090162e-01	3.492120e-01
42400	-1.547142e+03	1.076794e+00	2.688324e-01	2.729394e-01	1.090162e-01	3.492120e-01
42500	-1.545438e+03	1.000934e+00	2.719057e-01	2.447459e-01	1.423997e-01	3.409486e-01
42600	-1.544464e+03	9.960258e-01	2.403058e-01	2.447459e-01	1.423997e-01	3.725485e-01
42700	-1.552812e+03	1.077243e+00	2.907705e-01	2.584806e-01	1.129780e-01	3.377709e-01
42800	-1.548874e+03	1.070215e+00	2.907705e-01	2.584806e-01	1.129780e-01	3.377709e-01
42900	-1.541738e+03	1.088901e+00	2.761366e-01	2.444342e-01	1.218543e-01	3.575749e-01
43000	-1.539095e+03	1.018532e+00	2.602140e-01	2.585990e-01	1.141343e-01	3.670527e-01
43100	-1.524245e+03	1.047728e+00	2.864246e-01	2.862489e-01	1.119755e-01	3.153510e-01
43200	-1.539864e+03	1.117454e+00	2.873349e-01	2.862489e-01	1.119755e-01	3.144407e-01
43300	-1.540937e+03	1.135679e+00	2.873349e-01	2.862489e-01	1.119755e-01	3.144407e-01
43400	-1.525969e+03	9.256490e-01	2.439816e-01	2.805071e-01	1.177078e-01	3.578035e-01
43500	-1.534195e+03	9.619998e-01	2.663264e-01	2.588394e-01	1.269993e-01	3.478349e-01
43600	-1.531087e+03	9.576674e-01	2.784129e-01	2.485622e-01	1.038417e-01	3.691832e-01
43700	-1.531258e+03	9.589295e-01	2.784129e-01	2.485622e-01	1.038417e-01	3.691832e-01
43800	-1.525217e+03	1.007140e+00	2.768097e-01	2.709206e-01	1.057509e-01	3.465188e-01
43900	-1.517052e+03	9.642800e-01	2.768097e-01	2.709206e-01	1.057509e-01	3.465188e-01
44000	-1.517920e+03	9.801263e-01	2.768097e-01	2.709206e-01	1.057509e-01	3.465188e-01
44100	-1.546294e+03	1.133100e+00	2.768097e-01	2.709206e-01	1.057509e-01	3.465188e-01
44200	-1.533208e+03	1.042013e+00	2.768097e-01	2.709206e-01	1.057509e-01	3.465188e-01
44300	-1.534764e+03	1.049783e+00	2.768097e-01	2.709206e-01	1.057509e-01	3.465188e-01
44400	-1.535898e+03	1.062500e+00	2.653056e-01	2.712107e-01	1.045151e-01	3.589686e-01
44500	-1.538233e+03	1.082031e+00	2.653056e-01	2.712107e-01	1.045151e-01	3.589686e-01
44600	-1.528658e+03	1.006847e+00	2.748420e-01	2.712107e-01	1.045151e-01	3.494322e-01
44700	-1.522233e+03	9.840281e-01	2.748420e-01	2.712107e-01	1.045151e-01	3.494322e-01
44800	-1.533587e+03	1.049585e+00	2.748420e-01	2.712107e-01	1.045151e-01	3.494322e-01
44900	-1.527804e+03	1.001033e+00	2.623687e-01	2.708747e-01	1.173244e-01	3.494322e-01
45000	-1.534911e+03	1.038070e+00	2.623687e-01	2.708747e-01	1.173244e-01	3.494322e-01
45100	-1.516574e+03	9.553771e-01	2.623687e-01	2.727999e-01	1.153992e-01	3.494322e-01
45200	-1.511325e+03	9.405196e-01	2.623687e-01	2.727999e-01	1.153992e-01	3.494322e-01
45300	-1.525246e+03	1.031590e+00	2.623687e-01	2.727999e-01	1.153992e-01	3.494322e-01
45400	-1.528628e+03	1.039990e+00	2.623687e-01	2.727999e-01	1.153992e-01	3.494322e-01
45500	-1.540851e+03	1.073555e+00	2.488392e-01	3.054008e-01	9.434839e-02	3.514116e-01
45600	-1.550668e+03	1.076330e+00	2.753734e-01	2.838914e-01	7.389783e-02	3.668374e-01
45700	-1.541331e+03	1.035896e+00	2.548675e-01	2.830526e-01	8.257665e-02	3.795033e-01
45800	-1.547518e+03	1.064044e+00	3.014767e-01	2.661591e-01	1.113559e-01	3.210083e-01
45900	-1.570378e+03	1.048072e+00	2.446129e-01	2.864915e-01	1.051179e-01	3.637778e-01
46000	-1.553132e+03	1.100170e+00	2.919365e-01	2.597459e-01	1.234173e-01	3.249002e-01
46100	-1.550245e+03	1.089931e+00	2.597605e-01	2.597459e-01	1.234173e-01	3.570763e-01
46200	-1.549566e+03	1.085817e+00	2.844357e-01	2.679853e-01	1.120818e-01	3.354973e-01
46300	-1.557591e+03	1.114622e+00	2.844357e-01	2.679853e-01	1.120818e-01	3.354973e-01
46400	-1.544256e+03	1.050778e+00	2.934652e-01	2.644644e-01	1.183009e-01	3.237695e-01
46500	-1.542582e+03	1.041871e+00	2.934652e-01	2.644644e-01	1.183009e-01	3.237695e-01
46600	-1.546542e+03	1.042865e+00	2.645967e-01	2.684807e-01	1.285135e-01	3.384090e-01
46700	-1.532977e+03	9.104354e-01	2.730083e-01	2.441367e-01	1.183425e-01	3.645126e-01
46800	-1.535775e+03	9.186653e-01	2.730083e-01	2.441367e-01	1.183425e-01	3.645126e-01
46900	-1.542053e+03	9.417130e-01	2.476071e-01	2.723042e-01	1.172899e-01	3.627987e-01
47000	-1.557570e+03	1.077332e+00	2.667091e-01	2.596862e-01	1.209324e-01	3.526723e-01
