[ID: 0258865684]
Gen	LnL	TL	pi(A)	pi(C)	pi(G)	pi(T)
0	-9.857298e+03	1.970000e+01	2.500000e-01	2.500000e-01	2.500000e-01	2.500000e-01
100	-7.186818e+03	1.001002e+01	2.500000e-01	2.500000e-01	2.500000e-01	2.500000e-01
200	-5.740009e+03	3.492112e+00	2.961710e-01	2.260458e-01	2.050410e-01	2.727422e-01
300	-5.319899e+03	3.189833e+00	2.834780e-01	2.339822e-01	1.772346e-01	3.053051e-01
400	-4.914112e+03	2.778654e+00	2.764778e-01	2.846752e-01	1.482166e-01	2.906305e-01
500	-4.409305e+03	3.510323e+00	2.496980e-01	2.693668e-01	2.075200e-01	2.734153e-01
600	-4.147176e+03	2.711420e+00	2.764778e-01	2.894692e-01	1.434225e-01	2.906305e-01
700	-3.789581e+03	2.043741e+00	1.901541e-01	2.840516e-01	2.016318e-01	3.241626e-01
800	-3.590745e+03	2.042258e+00	2.016356e-01	3.226571e-01	1.630262e-01	3.126810e-01
900	-3.457948e+03	1.827932e+00	1.896888e-01	3.227864e-01	1.606225e-01	3.269023e-01
1000	-3.297639e+03	1.836990e+00	2.111695e-01	3.013057e-01	1.606225e-01	3.269023e-01
1100	-3.193900e+03	1.822739e+00	2.111695e-01	3.157522e-01	9.853076e-02	3.745475e-01
1200	-3.025689e+03	1.741539e+00	2.111695e-01	3.157522e-01	9.853076e-02	3.745475e-01
1300	-2.782699e+03	1.724286e+00	2.028555e-01	2.833935e-01	1.162201e-01	3.975309e-01
1400	-2.609367e+03	1.344597e+00	2.446051e-01	2.833935e-01	1.162201e-01	3.557812e-01
1500	-2.528545e+03	1.407203e+00	2.446051e-01	2.833935e-01	1.162201e-01	3.557812e-01
1600	-2.446555e+03	1.416146e+00	2.446051e-01	2.833935e-01	1.162201e-01	3.557812e-01
1700	-2.353628e+03	1.433034e+00	2.446051e-01	2.833935e-01	1.162201e-01	3.557812e-01
1800	-2.306678e+03	1.436084e+00	2.446051e-01	2.833935e-01	1.162201e-01	3.557812e-01
1900	-2.174490e+03	1.291271e+00	2.446051e-01	2.833935e-01	9.824801e-02	3.737534e-01
2000	-2.149691e+03	1.283255e+00	2.446051e-01	2.833935e-01	9.824801e-02	3.737534e-01
2100	-2.104229e+03	1.207694e+00	2.446051e-01	2.833935e-01	9.824801e-02	3.737534e-01
2200	-2.075184e+03	1.196760e+00	2.309053e-01	2.530633e-01	1.230138e-01	3.930176e-01
2300	-2.073765e+03	1.222813e+00	2.352948e-01	2.727123e-01	1.161510e-01	3.758419e-01
2400	-2.068592e+03	1.194841e+00	2.352948e-01	2.819589e-01	1.161510e-01	3.665952e-01
2500	-2.067131e+03	1.190062e+00	2.234101e-01	2.860558e-01	1.267536e-01	3.637805e-01
2600	-1.950186e+03	1.186884e+00	2.253431e-01	2.612276e-01	1.267098e-01	3.867195e-01
2700	-1.924844e+03	1.187876e+00	2.253431e-01	2.612276e-01	1.267098e-01	3.867195e-01
2800	-1.905944e+03	1.185606e+00	2.453021e-01	2.464871e-01	1.343991e-01	3.738117e-01
2900	-1.832270e+03	1.185638e+00	2.648622e-01	2.458314e-01	1.351714e-01	3.541350e-01
3000	-1.806438e+03	1.053437e+00	2.603541e-01	2.181662e-01	1.240718e-01	3.974079e-01
3100	-1.790988e+03	1.050836e+00	2.603541e-01	2.219158e-01	1.203222e-01	3.974079e-01
3200	-1.775605e+03	1.046504e+00	2.823938e-01	2.194917e-01	1.138699e-01	3.842447e-01
3300	-1.759568e+03	1.034989e+00	2.823938e-01	2.194917e-01	1.138699e-01	3.842447e-01
3400	-1.756304e+03	1.039216e+00	2.823938e-01	2.194917e-01	1.138699e-01	3.842447e-01
3500	-1.746049e+03	1.041146e+00	3.056105e-01	2.159252e-01	1.010574e-01	3.774069e-01
3600	-1.744526e+03	1.033939e+00	3.044606e-01	2.159252e-01	1.010574e-01	3.785568e-01
3700	-1.731277e+03	9.984631e-01	2.647323e-01	2.615116e-01	9.473895e-02	3.790171e-01
3800	-1.719946e+03	1.010164e+00	2.577070e-01	2.685369e-01	9.473895e-02	3.790171e-01
3900	-1.732086e+03	1.177658e+00	2.692270e-01	2.685369e-01	8.321894e-02	3.790171e-01
4000	-1.710413e+03	1.101237e+00	2.898270e-01	2.348134e-01	1.236644e-01	3.516952e-01
4100	-1.707845e+03	1.103902e+00	2.591790e-01	2.405643e-01	1.048204e-01	3.954363e-01
4200	-1.690593e+03	1.022112e+00	2.591790e-01	2.641061e-01	1.104674e-01	3.662475e-01
4300	-1.679540e+03	1.086235e+00	3.014341e-01	2.348134e-01	1.120573e-01	3.516952e-01
4400	-1.705356e+03	1.175369e+00	2.591790e-01	2.641061e-01	1.104674e-01	3.662475e-01
4500	-1.674977e+03	1.114708e+00	2.735278e-01	2.591611e-01	1.136941e-01	3.536170e-01
4600	-1.663751e+03	1.121321e+00	2.735278e-01	2.591611e-01	1.054710e-01	3.618401e-01
4700	-1.673934e+03	1.087611e+00	2.463080e-01	2.708874e-01	1.325866e-01	3.502179e-01
4800	-1.640435e+03	1.113133e+00	2.766085e-01	2.539825e-01	1.149168e-01	3.544922e-01
4900	-1.657382e+03	1.116340e+00	2.463080e-01	3.059116e-01	9.756248e-02	3.502179e-01
5000	-1.652539e+03	1.164923e+00	2.966619e-01	2.628361e-01	9.707392e-02	3.434281e-01
5100	-1.613123e+03	9.366223e-01	2.578300e-01	2.535663e-01	1.249233e-01	3.636804e-01
5200	-1.612990e+03	9.528544e-01	2.593542e-01	2.597543e-01	1.296636e-01	3.512279e-01
5300	-1.634617e+03	1.158276e+00	2.633457e-01	2.637679e-01	9.959571e-02	3.732907e-01
5400	-1.651832e+03	1.187237e+00	2.868358e-01	2.530218e-01	1.144272e-01	3.457152e-01
5500	-1.616667e+03	1.166248e+00	2.633457e-01	2.504157e-01	1.377554e-01	3.484832e-01
5600	-1.610933e+03	1.124622e+00	2.870923e-01	2.306795e-01	1.231219e-01	3.591064e-01
5700	-1.595149e+03	1.074358e+00	2.870923e-01	2.724597e-01	1.231219e-01	3.173262e-01
5800	-1.595298e+03	1.062342e+00	3.095571e-01	2.458417e-01	1.122475e-01	3.323536e-01
5900	-1.606231e+03	1.074631e+00	3.095571e-01	2.458417e-01	1.122475e-01	3.323536e-01
6000	-1.592851e+03	1.074774e+00	3.095571e-01	2.458417e-01	1.122475e-01	3.323536e-01
6100	-1.569816e+03	9.945536e-01	2.423697e-01	2.458417e-01	1.122475e-01	3.995411e-01
6200	-1.565083e+03	9.690683e-01	2.423697e-01	2.458417e-01	1.026443e-01	4.091442e-01
6300	-1.581714e+03	1.075808e+00	2.602589e-01	2.427573e-01	1.167225e-01	3.802613e-01
6400	-1.578960e+03	1.074304e+00	2.784083e-01	2.427573e-01	9.857312e-02	3.802613e-01
6500	-1.576915e+03	1.077625e+00	2.572609e-01	2.664405e-01	1.149387e-01	3.613599e-01
6600	-1.586480e+03	1.056948e+00	3.041084e-01	2.444682e-01	9.879102e-02	3.526324e-01
6700	-1.580722e+03	1.064396e+00	3.041084e-01	2.444682e-01	9.879102e-02	3.526324e-01
6800	-1.586863e+03	1.064961e+00	3.041084e-01	2.476181e-01	9.879102e-02	3.494825e-01
6900	-1.587990e+03	1.076701e+00	2.501649e-01	2.845227e-01	9.879102e-02	3.665214e-01
7000	-1.579782e+03	1.091670e+00	2.501649e-01	2.845227e-01	9.879102e-02	3.665214e-01
7100	-1.585965e+03	1.131767e+00	2.501649e-01	2.845227e-01	9.879102e-02	3.665214e-01
7200	-1.583266e+03	1.139749e+00	2.501649e-01	2.845227e-01	9.879102e-02	3.665214e-01
7300	-1.579135e+03	1.113231e+00	2.512780e-01	2.743040e-01	1.002803e-01	3.741377e-01
7400	-1.568291e+03	1.058173e+00	2.697154e-01	2.845227e-01	9.879102e-02	3.469709e-01
7500	-1.591664e+03	1.154502e+00	2.725363e-01	2.849577e-01	1.121304e-01	3.303755e-01
7600	-1.580454e+03	1.090802e+00	2.725363e-01	2.849577e-01	1.121304e-01	3.303755e-01
7700	-1.570600e+03	1.092613e+00	2.697154e-01	2.845227e-01	9.879102e-02	3.469709e-01
7800	-1.555829e+03	1.022796e+00	2.825148e-01	2.602040e-01	1.255810e-01	3.317003e-01
7900	-1.569438e+03	1.019828e+00	2.793621e-01	2.781319e-01	1.121304e-01	3.303755e-01
8000	-1.553665e+03	1.030542e+00	2.553239e-01	2.614338e-01	1.282012e-01	3.550411e-01
8100	-1.555608e+03	1.049744e+00	2.553239e-01	2.614338e-01	1.282012e-01	3.550411e-01
8200	-1.551901e+03	1.042534e+00	2.553239e-01	2.614338e-01	1.282012e-01	3.550411e-01
8300	-1.551583e+03	1.040692e+00	2.637450e-01	2.499054e-01	1.324737e-01	3.538758e-01
8400	-1.551945e+03	1.045243e+00	2.629067e-01	2.708430e-01	1.095921e-01	3.566582e-01
8500	-1.579561e+03	1.120874e+00	2.909274e-01	2.903103e-01	1.000062e-01	3.187560e-01
8600	-1.550813e+03	1.036935e+00	2.629067e-01	2.708430e-01	1.095921e-01	3.566582e-01
8700	-1.535661e+03	1.009534e+00	2.629067e-01	2.688328e-01	1.155129e-01	3.527477e-01
8800	-1.549469e+03	1.100999e+00	2.629067e-01	2.688328e-01	1.155129e-01	3.527477e-01
8900	-1.549539e+03	1.083900e+00	2.736086e-01	2.798529e-01	8.762692e-02	3.589116e-01
9000	-1.543415e+03	1.059950e+00	2.921401e-01	2.779140e-01	1.069427e-01	3.230032e-01
9100	-1.545834e+03	1.045019e+00	2.970930e-01	2.757475e-01	1.097947e-01	3.173648e-01
9200	-1.545831e+03	1.065073e+00	2.970930e-01	2.757475e-01	1.097947e-01	3.173648e-01
9300	-1.542737e+03	1.036505e+00	2.970930e-01	2.757475e-01	1.097947e-01	3.173648e-01
9400	-1.543416e+03	1.042382e+00	2.720883e-01	2.757475e-01	1.097947e-01	3.423696e-01
9500	-1.544042e+03	1.043370e+00	2.720883e-01	2.757475e-01	1.097947e-01	3.423696e-01
9600	-1.541194e+03	1.029846e+00	2.441491e-01	2.680103e-01	1.274939e-01	3.603468e-01
9700	-1.554497e+03	1.118284e+00	2.728537e-01	2.711494e-01	1.180777e-01	3.379192e-01
9800	-1.549142e+03	1.075514e+00	2.744894e-01	2.711494e-01	1.164420e-01	3.379192e-01
9900	-1.543321e+03	1.065088e+00	2.579464e-01	2.504387e-01	1.314421e-01	3.601728e-01
10000	-1.548796e+03	1.085909e+00	2.579464e-01	2.504387e-01	1.314421e-01	3.601728e-01
10100	-1.549485e+03	1.090058e+00	2.579464e-01	2.504387e-01	1.314421e-01	3.601728e-01
10200	-1.562529e+03	1.056379e+00	2.793986e-01	2.546695e-01	1.160447e-01	3.498872e-01
10300	-1.545646e+03	1.077924e+00	2.579464e-01	2.504387e-01	1.314421e-01	3.601728e-01
10400	-1.548323e+03	1.088256e+00	2.711148e-01	2.409269e-01	1.313600e-01	3.565983e-01
10500	-1.550284e+03	1.101223e+00	2.711148e-01	2.639158e-01	1.230773e-01	3.418921e-01
10600	-1.545230e+03	1.078578e+00	2.711148e-01	2.639158e-01	1.230773e-01	3.418921e-01
10700	-1.541588e+03	1.054119e+00	2.643408e-01	2.639158e-01	1.298512e-01	3.418921e-01
10800	-1.559735e+03	1.126702e+00	2.643408e-01	2.639158e-01	1.298512e-01	3.418921e-01
10900	-1.589109e+03	1.169737e+00	2.905095e-01	2.830959e-01	9.389711e-02	3.324975e-01
11000	-1.570244e+03	1.082029e+00	2.863601e-01	2.812545e-01	1.036363e-01	3.287492e-01
11100	-1.545611e+03	8.956540e-01	3.043974e-01	2.895796e-01	9.408066e-02	3.119423e-01
11200	-1.545836e+03	8.953880e-01	2.922544e-01	2.349638e-01	9.408066e-02	3.787011e-01
11300	-1.546679e+03	9.254292e-01	2.922544e-01	2.349638e-01	9.408066e-02	3.787011e-01
11400	-1.562596e+03	1.126518e+00	2.777021e-01	2.595701e-01	1.106582e-01	3.520696e-01
11500	-1.562544e+03	1.078781e+00	2.807113e-01	2.603481e-01	1.050767e-01	3.538639e-01
11600	-1.551456e+03	1.073714e+00	2.807232e-01	2.495851e-01	1.165067e-01	3.531850e-01
11700	-1.551470e+03	1.119722e+00	2.807232e-01	2.495851e-01	1.165067e-01	3.531850e-01
11800	-1.546859e+03	1.107493e+00	2.807232e-01	2.495851e-01	1.165067e-01	3.531850e-01
11900	-1.544950e+03	1.094872e+00	2.807232e-01	2.495851e-01	1.165067e-01	3.531850e-01
12000	-1.544061e+03	1.097111e+00	2.807232e-01	2.611885e-01	1.049033e-01	3.531850e-01
12100	-1.545802e+03	1.075152e+00	2.807232e-01	2.611885e-01	1.049033e-01	3.531850e-01
12200	-1.564718e+03	1.115003e+00	2.682384e-01	2.353156e-01	1.244794e-01	3.719666e-01
12300	-1.529327e+03	1.019166e+00	2.789193e-01	2.575130e-01	1.180579e-01	3.455098e-01
12400	-1.530167e+03	1.009645e+00	2.789193e-01	2.575130e-01	1.180579e-01	3.455098e-01
12500	-1.542817e+03	1.083510e+00	3.006069e-01	2.655448e-01	1.035548e-01	3.302935e-01
12600	-1.514614e+03	9.099125e-01	2.744398e-01	2.770552e-01	1.119807e-01	3.365243e-01
12700	-1.546225e+03	1.091605e+00	2.744398e-01	2.770552e-01	1.119807e-01	3.365243e-01
12800	-1.568670e+03	1.111016e+00	2.344929e-01	2.885096e-01	1.330303e-01	3.439672e-01
12900	-1.564998e+03	1.086628e+00	2.882098e-01	2.609780e-01	1.325414e-01	3.182708e-01
13000	-1.558837e+03	1.111576e+00	2.586364e-01	2.770552e-01	1.119807e-01	3.523276e-01
13100	-1.556570e+03	1.105884e+00	2.794337e-01	2.792415e-01	9.334670e-02	3.479781e-01
13200	-1.530862e+03	9.676148e-01	2.794337e-01	2.792415e-01	9.334670e-02	3.479781e-01
13300	-1.547726e+03	1.081181e+00	2.794337e-01	2.792415e-01	9.334670e-02	3.479781e-01
13400	-1.543709e+03	1.038512e+00	2.604618e-01	2.597693e-01	1.243651e-01	3.554037e-01
13500	-1.528792e+03	9.582783e-01	2.723590e-01	2.601800e-01	1.036026e-01	3.638585e-01
13600	-1.531925e+03	9.509778e-01	2.723590e-01	2.601800e-01	1.036026e-01	3.638585e-01
13700	-1.532962e+03	9.723865e-01	2.688701e-01	2.777676e-01	1.285700e-01	3.247922e-01
13800	-1.522306e+03	9.471991e-01	2.688701e-01	2.777676e-01	1.285700e-01	3.247922e-01
13900	-1.541613e+03	1.035607e+00	2.803541e-01	2.827660e-01	1.009747e-01	3.359052e-01
14000	-1.559040e+03	1.135604e+00	2.803541e-01	2.827660e-01	1.009747e-01	3.359052e-01
14100	-1.557932e+03	1.114933e+00	2.803541e-01	2.848715e-01	1.256693e-01	3.091052e-01
14200	-1.531449e+03	9.587494e-01	2.568211e-01	2.817486e-01	1.163402e-01	3.450900e-01
14300	-1.536921e+03	9.805604e-01	2.592096e-01	2.817486e-01	1.139518e-01	3.450900e-01
14400	-1.532383e+03	9.822228e-01	2.632268e-01	2.817486e-01	1.099346e-01	3.450900e-01
14500	-1.533648e+03	9.912309e-01	2.632268e-01	2.817486e-01	1.099346e-01	3.450900e-01
14600	-1.530789e+03	9.575233e-01	3.004394e-01	2.409452e-01	9.646874e-02	3.621466e-01
14700	-1.539207e+03	9.090776e-01	2.938082e-01	2.409452e-01	9.646874e-02	3.687779e-01
14800	-1.572431e+03	1.106772e+00	2.431479e-01	2.772357e-01	9.696604e-02	3.826504e-01
14900	-1.560039e+03	1.083814e+00	2.554723e-01	2.669013e-01	9.724778e-02	3.803786e-01
15000	-1.559318e+03	1.088589e+00	2.548804e-01	2.662854e-01	9.610427e-02	3.827299e-01
15100	-1.552188e+03	1.091951e+00	2.548804e-01	2.662854e-01	1.179033e-01	3.609309e-01
15200	-1.549091e+03	1.057716e+00	2.563721e-01	2.952684e-01	1.180736e-01	3.302859e-01
15300	-1.541423e+03	1.058968e+00	2.561255e-01	3.099604e-01	9.644479e-02	3.374692e-01
15400	-1.543126e+03	1.066434e+00	2.561255e-01	3.099604e-01	9.644479e-02	3.374692e-01
15500	-1.528388e+03	9.784509e-01	2.561255e-01	3.099604e-01	9.644479e-02	3.374692e-01
15600	-1.537480e+03	1.034642e+00	2.561255e-01	3.099604e-01	9.644479e-02	3.374692e-01
15700	-1.533298e+03	1.040281e+00	2.561255e-01	2.847084e-01	1.216968e-01	3.374692e-01
15800	-1.535268e+03	1.048680e+00	2.561255e-01	2.847084e-01	1.216968e-01	3.374692e-01
15900	-1.538475e+03	1.062174e+00	2.561255e-01	2.847084e-01	1.216968e-01	3.374692e-01
16000	-1.534828e+03	1.018046e+00	2.891301e-01	2.729040e-01	1.030895e-01	3.348763e-01
16100	-1.551841e+03	1.078604e+00	2.891301e-01	2.729040e-01	1.030895e-01	3.348763e-01
16200	-1.540541e+03	1.022162e+00	2.915488e-01	2.705716e-01	8.543261e-02	3.524471e-01
16300	-1.542267e+03	1.005054e+00	2.915488e-01	2.705716e-01	8.543261e-02	3.524471e-01
16400	-1.532123e+03	1.000316e+00	2.799356e-01	2.705716e-01	9.704581e-02	3.524471e-01
16500	-1.535047e+03	1.035252e+00	2.799356e-01	2.604620e-01	9.704581e-02	3.625567e-01
16600	-1.531093e+03	1.024238e+00	2.652903e-01	2.513098e-01	1.092102e-01	3.741897e-01
16700	-1.530275e+03	1.014171e+00	2.652903e-01	2.513098e-01	1.092102e-01	3.741897e-01
16800	-1.540192e+03	1.066380e+00	2.652903e-01	2.513098e-01	1.092102e-01	3.741897e-01
16900	-1.540381e+03	1.040795e+00	2.652903e-01	2.513098e-01	1.092102e-01	3.741897e-01
17000	-1.554437e+03	1.114949e+00	2.652903e-01	2.513098e-01	1.017566e-01	3.816433e-01
17100	-1.556914e+03	1.120310e+00	2.460381e-01	2.536700e-01	1.118008e-01	3.884910e-01
17200	-1.557404e+03	1.044906e+00	2.169960e-01	2.981768e-01	1.183340e-01	3.664932e-01
17300	-1.554432e+03	1.086726e+00	2.302744e-01	2.837648e-01	1.043752e-01	3.815856e-01
17400	-1.546476e+03	1.073352e+00	2.302744e-01	2.837648e-01	1.043752e-01	3.815856e-01
17500	-1.550840e+03	1.065365e+00	2.478325e-01	2.605586e-01	9.460265e-02	3.970062e-01
17600	-1.545645e+03	1.086061e+00	2.573436e-01	2.788469e-01	1.162086e-01	3.476010e-01
17700	-1.545938e+03	1.045267e+00	2.478325e-01	2.605586e-01	9.460265e-02	3.970062e-01
17800	-1.549677e+03	1.089251e+00	2.573436e-01	2.723238e-01	1.162086e-01	3.541241e-01
17900	-1.547065e+03	1.067799e+00	2.573436e-01	2.656279e-01	1.162086e-01	3.608200e-01
18000	-1.546274e+03	1.076681e+00	2.573436e-01	2.656279e-01	1.162086e-01	3.608200e-01
18100	-1.540102e+03	1.022210e+00	2.573436e-01	2.656279e-01	1.162086e-01	3.608200e-01
18200	-1.543366e+03	1.028577e+00	2.573436e-01	2.656279e-01	1.162086e-01	3.608200e-01
18300	-1.550514e+03	1.055239e+00	2.573436e-01	2.656279e-01	1.162086e-01	3.608200e-01
18400	-1.545334e+03	1.054198e+00	2.685806e-01	2.670651e-01	1.393715e-01	3.249828e-01
18500	-1.523322e+03	9.352793e-01	2.899489e-01	2.626995e-01	1.333014e-01	3.140502e-01
18600	-1.548279e+03	1.073954e+00	2.899489e-01	2.626995e-01	1.333014e-01	3.140502e-01
18700	-1.545257e+03	1.066202e+00	2.536249e-01	2.574694e-01	1.333871e-01	3.555185e-01
18800	-1.547303e+03	1.073765e+00	2.616267e-01	2.473181e-01	1.188850e-01	3.721703e-01
18900	-1.553389e+03	1.090814e+00	2.688486e-01	2.871501e-01	9.150982e-02	3.524915e-01
19000	-1.554466e+03	1.108147e+00	2.688486e-01	2.497265e-01	9.150982e-02	3.899152e-01
19100	-1.524118e+03	9.741711e-01	2.592177e-01	2.539258e-01	1.010388e-01	3.858178e-01
19200	-1.575388e+03	1.113057e+00	2.649691e-01	2.639137e-01	9.175727e-02	3.793599e-01
19300	-1.555779e+03	1.016901e+00	2.962923e-01	2.767467e-01	1.100727e-01	3.168884e-01
19400	-1.566676e+03	1.160025e+00	3.107538e-01	2.531062e-01	1.215724e-01	3.145676e-01
19500	-1.553659e+03	1.084871e+00	3.096547e-01	2.593534e-01	1.226715e-01	3.083204e-01
19600	-1.553321e+03	1.088848e+00	3.096547e-01	2.593534e-01	1.226715e-01	3.083204e-01
19700	-1.554172e+03	1.087979e+00	3.096547e-01	2.593534e-01	1.226715e-01	3.083204e-01
19800	-1.551593e+03	1.092666e+00	3.096547e-01	2.593534e-01	1.076456e-01	3.233463e-01
19900	-1.562904e+03	1.090667e+00	2.682694e-01	2.502514e-01	1.027207e-01	3.787584e-01
20000	-1.552629e+03	1.077353e+00	2.690809e-01	2.616118e-01	1.126845e-01	3.566227e-01
20100	-1.553401e+03	1.075917e+00	2.690809e-01	2.616118e-01	1.126845e-01	3.566227e-01
20200	-1.553447e+03	1.042681e+00	2.654004e-01	2.542153e-01	9.801513e-02	3.823691e-01
20300	-1.560555e+03	1.068530e+00	2.733249e-01	2.408838e-01	1.279097e-01	3.578815e-01
20400	-1.562967e+03	1.112916e+00	2.660025e-01	2.535710e-01	1.203041e-01	3.601225e-01
20500	-1.536384e+03	9.697858e-01	2.930275e-01	2.481088e-01	1.287438e-01	3.301200e-01
20600	-1.542596e+03	1.002430e+00	2.930275e-01	2.481088e-01	1.287438e-01	3.301200e-01
20700	-1.563671e+03	1.102088e+00	2.930275e-01	2.481088e-01	1.287438e-01	3.301200e-01
20800	-1.544585e+03	1.018385e+00	2.606679e-01	2.515653e-01	1.156890e-01	3.720778e-01
20900	-1.549310e+03	1.029065e+00	2.606679e-01	2.515653e-01	9.986202e-02	3.879048e-01
21000	-1.554273e+03	1.051746e+00	2.791267e-01	2.320356e-01	1.322508e-01	3.565869e-01
21100	-1.552884e+03	1.047364e+00	2.791267e-01	2.320356e-01	1.213732e-01	3.674645e-01
21200	-1.556098e+03	1.077508e+00	2.791267e-01	2.320356e-01	1.213732e-01	3.674645e-01
21300	-1.550102e+03	1.113201e+00	2.707679e-01	2.673034e-01	1.068539e-01	3.550748e-01
21400	-1.542651e+03	1.080479e+00	2.707679e-01	2.673034e-01	1.068539e-01	3.550748e-01
21500	-1.556539e+03	1.054050e+00	2.495672e-01	2.737660e-01	1.021067e-01	3.745602e-01
21600	-1.553234e+03	1.057434e+00	2.495672e-01	2.737660e-01	1.021067e-01	3.745602e-01
21700	-1.547527e+03	1.113392e+00	2.666572e-01	2.787676e-01	9.362416e-02	3.609510e-01
21800	-1.536509e+03	1.059851e+00	2.666572e-01	2.787676e-01	9.321386e-02	3.613613e-01
21900	-1.535149e+03	1.047489e+00	2.869002e-01	2.674209e-01	1.135603e-01	3.321186e-01
22000	-1.533363e+03	1.007314e+00	2.869002e-01	2.674209e-01	1.135603e-01	3.321186e-01
22100	-1.571105e+03	1.185672e+00	2.869002e-01	2.674209e-01	1.135603e-01	3.321186e-01
22200	-1.564633e+03	1.125272e+00	3.018003e-01	2.421544e-01	1.296466e-01	3.263987e-01
22300	-1.541673e+03	1.006026e+00	2.696494e-01	2.750804e-01	1.188558e-01	3.364144e-01
22400	-1.538542e+03	1.003417e+00	2.696494e-01	2.750804e-01	1.188558e-01	3.364144e-01
22500	-1.538400e+03	9.811286e-01	2.880469e-01	2.667486e-01	9.763932e-02	3.475651e-01
22600	-1.542847e+03	1.020233e+00	2.880469e-01	2.667486e-01	9.763932e-02	3.475651e-01
22700	-1.544973e+03	1.025759e+00	2.734968e-01	2.454986e-01	1.176348e-01	3.633699e-01
22800	-1.546009e+03	1.032795e+00	2.734968e-01	2.672626e-01	1.187266e-01	3.405140e-01
22900	-1.551698e+03	1.051575e+00	2.734968e-01	2.672626e-01	1.187266e-01	3.405140e-01
23000	-1.556086e+03	1.042875e+00	2.354072e-01	2.956987e-01	1.009377e-01	3.679564e-01
23100	-1.553811e+03	1.068561e+00	2.354072e-01	2.956987e-01	1.009377e-01	3.679564e-01
23200	-1.544554e+03	1.044230e+00	2.354072e-01	2.956987e-01	1.009377e-01	3.679564e-01
23300	-1.539228e+03	1.002197e+00	2.761220e-01	2.644293e-01	7.915163e-02	3.802971e-01
23400	-1.550724e+03	1.063976e+00	3.069447e-01	2.644293e-01	7.915163e-02	3.494744e-01
23500	-1.537211e+03	9.662594e-01	2.618119e-01	2.442314e-01	1.286335e-01	3.653233e-01
23600	-1.545687e+03	1.045456e+00	2.667420e-01	2.511315e-01	1.090640e-01	3.730625e-01
23700	-1.543211e+03	1.029971e+00	2.667420e-01	2.511315e-01	1.090640e-01	3.730625e-01
23800	-1.542109e+03	1.004956e+00	2.781873e-01	2.429258e-01	1.090420e-01	3.698449e-01
23900	-1.561477e+03	1.056860e+00	2.626326e-01	2.588207e-01	1.020017e-01	3.765449e-01
24000	-1.564571e+03	1.062624e+00	2.323555e-01	2.588207e-01	1.322789e-01	3.765449e-01
24100	-1.560919e+03	1.061697e+00	3.038539e-01	2.528075e-01	9.419172e-02	3.491469e-01
24200	-1.561197e+03	1.135507e+00	2.493118e-01	2.539469e-01	1.213919e-01	3.753494e-01
24300	-1.555208e+03	1.107465e+00	2.734396e-01	2.385852e-01	1.126259e-01	3.753494e-01
24400	-1.555964e+03	1.096450e+00	2.790524e-01	2.377053e-01	1.254731e-01	3.577692e-01
24500	-1.569749e+03	1.113274e+00	3.128669e-01	2.482154e-01	1.038560e-01	3.350617e-01
24600	-1.555940e+03	1.059080e+00	2.874364e-01	2.401263e-01	1.428221e-01	3.296152e-01
24700	-1.551625e+03	1.049472e+00	2.817628e-01	2.577981e-01	1.568807e-01	3.035584e-01
24800	-1.562861e+03	1.046130e+00	2.768381e-01	2.627228e-01	1.568807e-01	3.035584e-01
24900	-1.564513e+03	1.082769e+00	3.128669e-01	2.482154e-01	9.777225e-02	3.411455e-01
25000	-1.561645e+03	1.080302e+00	3.132298e-01	2.602727e-01	9.472655e-02	3.317710e-01
25100	-1.560867e+03	1.034110e+00	2.808909e-01	2.660552e-01	1.042422e-01	3.488116e-01
25200	-1.562841e+03	1.107039e+00	2.745372e-01	2.989652e-01	1.081584e-01	3.183391e-01
25300	-1.557174e+03	1.047659e+00	2.745372e-01	2.989652e-01	1.081584e-01	3.183391e-01
25400	-1.568082e+03	1.092699e+00	2.808909e-01	2.578904e-01	1.124071e-01	3.488116e-01
25500	-1.569349e+03	1.098313e+00	2.921962e-01	2.385192e-01	1.037817e-01	3.655029e-01
25600	-1.558317e+03	1.085436e+00	2.676469e-01	2.864817e-01	1.145282e-01	3.313432e-01
25700	-1.559745e+03	1.077506e+00	2.755789e-01	2.525301e-01	1.157877e-01	3.561033e-01
25800	-1.536332e+03	9.515210e-01	2.755789e-01	2.525301e-01	1.157877e-01	3.561033e-01
25900	-1.548042e+03	1.057394e+00	2.755789e-01	2.525301e-01	1.157877e-01	3.561033e-01
26000	-1.565211e+03	1.113931e+00	2.458222e-01	2.803097e-01	1.059058e-01	3.679622e-01
26100	-1.557007e+03	1.080464e+00	2.755789e-01	2.525301e-01	1.159944e-01	3.558966e-01
26200	-1.542433e+03	1.036367e+00	2.817579e-01	2.620827e-01	1.144079e-01	3.417515e-01
26300	-1.529174e+03	1.000565e+00	2.773243e-01	2.620827e-01	1.155650e-01	3.450281e-01
26400	-1.556628e+03	1.121620e+00	2.610657e-01	2.607682e-01	1.368188e-01	3.413474e-01
26500	-1.555091e+03	1.114292e+00	2.610657e-01	2.607682e-01	1.368188e-01	3.413474e-01
26600	-1.555427e+03	1.121892e+00	2.610657e-01	2.607682e-01	1.110396e-01	3.671265e-01
26700	-1.534796e+03	1.006985e+00	2.610657e-01	2.607682e-01	1.110396e-01	3.671265e-01
26800	-1.535047e+03	1.005022e+00	2.610657e-01	2.607682e-01	1.110396e-01	3.671265e-01
26900	-1.551473e+03	1.086429e+00	2.610657e-01	2.607682e-01	1.110396e-01	3.671265e-01
27000	-1.548254e+03	1.068382e+00	2.610657e-01	2.651111e-01	1.066967e-01	3.671265e-01
27100	-1.549793e+03	1.071488e+00	2.610657e-01	2.651111e-01	1.066967e-01	3.671265e-01
27200	-1.544385e+03	1.038061e+00	2.528879e-01	2.723516e-01	1.011313e-01	3.736291e-01
27300	-1.543201e+03	1.023520e+00	2.528879e-01	2.723516e-01	1.011313e-01	3.736291e-01
27400	-1.552451e+03	1.034033e+00	2.568794e-01	2.441801e-01	1.174891e-01	3.814513e-01
27500	-1.549568e+03	1.021084e+00	2.568794e-01	2.441801e-01	1.174891e-01	3.814513e-01
27600	-1.548238e+03	1.019027e+00	2.568794e-01	2.441801e-01	1.174891e-01	3.814513e-01
27700	-1.553379e+03	1.052578e+00	2.894886e-01	2.441801e-01	1.174891e-01	3.488422e-01
27800	-1.559010e+03	1.069624e+00	2.616096e-01	2.441801e-01	1.174891e-01	3.767212e-01
27900	-1.582628e+03	1.107016e+00	3.052083e-01	2.365927e-01	1.023805e-01	3.558186e-01
28000	-1.576046e+03	1.091267e+00	3.052083e-01	2.310443e-01	1.023805e-01	3.613669e-01
28100	-1.552779e+03	1.081840e+00	3.041228e-01	2.441801e-01	1.174891e-01	3.342080e-01
28200	-1.548887e+03	1.062013e+00	2.801089e-01	2.415545e-01	1.290669e-01	3.492697e-01
28300	-1.548629e+03	1.050039e+00	2.801089e-01	2.415545e-01	1.290669e-01	3.492697e-01
28400	-1.551631e+03	1.039349e+00	2.431424e-01	2.815025e-01	9.388255e-02	3.814726e-01
28500	-1.553977e+03	1.060121e+00	2.431424e-01	2.815025e-01	9.388255e-02	3.814726e-01
28600	-1.550361e+03	1.062470e+00	2.801810e-01	2.563712e-01	1.156116e-01	3.478361e-01
28700	-1.534599e+03	1.019114e+00	2.570048e-01	2.523401e-01	1.277780e-01	3.628771e-01
28800	-1.538107e+03	1.005285e+00	2.570048e-01	2.523401e-01	1.080425e-01	3.826126e-01
28900	-1.538217e+03	1.024695e+00	2.559027e-01	2.867482e-01	1.048268e-01	3.525223e-01
29000	-1.550053e+03	1.034304e+00	2.809108e-01	2.378883e-01	9.995354e-02	3.812474e-01
29100	-1.554506e+03	1.039003e+00	2.752758e-01	2.521631e-01	1.275964e-01	3.449646e-01
29200	-1.540600e+03	1.050998e+00	2.559027e-01	2.867482e-01	1.048268e-01	3.525223e-01
29300	-1.538763e+03	1.060963e+00	2.559027e-01	2.867482e-01	1.048268e-01	3.525223e-01
29400	-1.541302e+03	1.058806e+00	2.559027e-01	2.867482e-01	1.048268e-01	3.525223e-01
29500	-1.543561e+03	1.100668e+00	2.604845e-01	2.487088e-01	1.147265e-01	3.760802e-01
29600	-1.555171e+03	1.112246e+00	2.804264e-01	2.509416e-01	1.182569e-01	3.503751e-01
29700	-1.522240e+03	9.186590e-01	2.804264e-01	2.531951e-01	1.182569e-01	3.481217e-01
29800	-1.573038e+03	1.073743e+00	2.852620e-01	2.504873e-01	1.034592e-01	3.607915e-01
29900	-1.541980e+03	1.015069e+00	2.952646e-01	2.383568e-01	1.182569e-01	3.481217e-01
30000	-1.550484e+03	1.054652e+00	2.952646e-01	2.863062e-01	1.182569e-01	3.001723e-01
30100	-1.552908e+03	1.050040e+00	2.952646e-01	2.863062e-01	1.182569e-01	3.001723e-01
30200	-1.543700e+03	1.009327e+00	2.824921e-01	2.990788e-01	1.182569e-01	3.001723e-01
30300	-1.546063e+03	1.002758e+00	2.468972e-01	3.176503e-01	1.037882e-01	3.316643e-01
30400	-1.574586e+03	1.158839e+00	2.684706e-01	3.017403e-01	8.577536e-02	3.440137e-01
30500	-1.574078e+03	1.149740e+00	2.856018e-01	2.875974e-01	8.019142e-02	3.466093e-01
30600	-1.539537e+03	9.769303e-01	3.041474e-01	2.522625e-01	9.504496e-02	3.485451e-01
30700	-1.565706e+03	1.086194e+00	3.120761e-01	2.386453e-01	1.046221e-01	3.446565e-01
30800	-1.548520e+03	1.004889e+00	3.120761e-01	2.386453e-01	1.046221e-01	3.446565e-01
30900	-1.545332e+03	1.031343e+00	2.825927e-01	2.386453e-01	1.046221e-01	3.741399e-01
31000	-1.551785e+03	1.079009e+00	2.966763e-01	2.400693e-01	9.956757e-02	3.636867e-01
31100	-1.542622e+03	1.018772e+00	2.954234e-01	2.400693e-01	9.956757e-02	3.649397e-01
31200	-1.544446e+03	1.015787e+00	2.954234e-01	2.400693e-01	9.956757e-02	3.649397e-01
31300	-1.533506e+03	9.568058e-01	2.954234e-01	2.400693e-01	9.956757e-02	3.649397e-01
31400	-1.535853e+03	9.725505e-01	2.845040e-01	2.313470e-01	1.205619e-01	3.635871e-01
31500	-1.541455e+03	1.026182e+00	2.874859e-01	2.569244e-01	1.184509e-01	3.371387e-01
31600	-1.545592e+03	1.033408e+00	2.805179e-01	2.638924e-01	1.184509e-01	3.371387e-01
31700	-1.544637e+03	1.063576e+00	2.805179e-01	2.701231e-01	1.122202e-01	3.371387e-01
31800	-1.553962e+03	1.118007e+00	2.355678e-01	2.631769e-01	1.266327e-01	3.746226e-01
31900	-1.565852e+03	1.091989e+00	2.975674e-01	2.480122e-01	1.013500e-01	3.530704e-01
32000	-1.516426e+03	9.069158e-01	2.460529e-01	2.631769e-01	1.266327e-01	3.641376e-01
32100	-1.518106e+03	9.062461e-01	2.460529e-01	2.631769e-01	1.266327e-01	3.641376e-01
32200	-1.519066e+03	9.270431e-01	2.460529e-01	2.631769e-01	1.266327e-01	3.641376e-01
32300	-1.560033e+03	1.128075e+00	2.674174e-01	2.667855e-01	1.013500e-01	3.644471e-01
32400	-1.540552e+03	1.028523e+00	2.682718e-01	2.859544e-01	1.136583e-01	3.321155e-01
32500	-1.540983e+03	1.037076e+00	2.856734e-01	2.682512e-01	1.189907e-01	3.270847e-01
32600	-1.540650e+03	1.020867e+00	2.856734e-01	2.816873e-01	1.189907e-01	3.136486e-01
32700	-1.524753e+03	9.991635e-01	2.986566e-01	2.458858e-01	1.057918e-01	3.496658e-01
32800	-1.521681e+03	9.860963e-01	2.986566e-01	2.458858e-01	1.163913e-01	3.390663e-01
32900	-1.530711e+03	1.013579e+00	2.986566e-01	2.458858e-01	1.163913e-01	3.390663e-01
33000	-1.531314e+03	1.031872e+00	2.867567e-01	2.695135e-01	1.010157e-01	3.427142e-01
33100	-1.540876e+03	1.051271e+00	2.837311e-01	2.628536e-01	9.264514e-02	3.607701e-01
33200	-1.539857e+03	1.047032e+00	2.747061e-01	2.750894e-01	1.054172e-01	3.447873e-01
33300	-1.519344e+03	9.914115e-01	2.773704e-01	2.826427e-01	1.008638e-01	3.391231e-01
33400	-1.522251e+03	1.008757e+00	2.773704e-01	2.826427e-01	1.008638e-01	3.391231e-01
33500	-1.525119e+03	1.006360e+00	2.773704e-01	2.826427e-01	1.008638e-01	3.391231e-01
33600	-1.525172e+03	9.916469e-01	2.773704e-01	2.826427e-01	1.008638e-01	3.391231e-01
33700	-1.521108e+03	9.794553e-01	2.773704e-01	2.718383e-01	1.008638e-01	3.499274e-01
33800	-1.518910e+03	9.695273e-01	2.773704e-01	2.718383e-01	1.008638e-01	3.499274e-01
33900	-1.562109e+03	1.221625e+00	2.773704e-01	2.718383e-01	1.114703e-01	3.393210e-01
34000	-1.538535e+03	1.037530e+00	2.708163e-01	2.778417e-01	1.107139e-01	3.406281e-01
34100	-1.535925e+03	1.017869e+00	2.512146e-01	2.766903e-01	1.142711e-01	3.578240e-01
34200	-1.546036e+03	1.061538e+00	2.512146e-01	2.766903e-01	1.142711e-01	3.578240e-01
34300	-1.542574e+03	1.067163e+00	2.521411e-01	2.794876e-01	1.105212e-01	3.578500e-01
34400	-1.525567e+03	9.805820e-01	2.521411e-01	2.794876e-01	1.105212e-01	3.578500e-01
34500	-1.548436e+03	1.062271e+00	2.864374e-01	2.424708e-01	1.183378e-01	3.527541e-01
34600	-1.556606e+03	1.079410e+00	2.653462e-01	2.726428e-01	1.079124e-01	3.540986e-01
34700	-1.548934e+03	1.011883e+00	2.653462e-01	2.726428e-01	1.079124e-01	3.540986e-01
34800	-1.547115e+03	1.005953e+00	2.813233e-01	2.780387e-01	1.018035e-01	3.388345e-01
34900	-1.549501e+03	1.018178e+00	2.813233e-01	2.780387e-01	1.018035e-01	3.388345e-01
35000	-1.551643e+03	1.019986e+00	2.813233e-01	2.780387e-01	1.123825e-01	3.282555e-01
35100	-1.550083e+03	1.024980e+00	2.813233e-01	2.780387e-01	1.123825e-01	3.282555e-01
35200	-1.550824e+03	1.026076e+00	2.813233e-01	2.780387e-01	1.123825e-01	3.282555e-01
35300	-1.559698e+03	1.138178e+00	2.437772e-01	2.743914e-01	1.181095e-01	3.637219e-01
35400	-1.561402e+03	1.137966e+00	2.764737e-01	2.866869e-01	1.092427e-01	3.275967e-01
35500	-1.564687e+03	1.151073e+00	2.764737e-01	2.772861e-01	1.186436e-01	3.275967e-01
35600	-1.543178e+03	1.030185e+00	2.586882e-01	2.789226e-01	1.123838e-01	3.500053e-01
35700	-1.536186e+03	1.001349e+00	2.586882e-01	2.893810e-01	1.019255e-01	3.500053e-01
35800	-1.554198e+03	9.932196e-01	2.785688e-01	2.820578e-01	9.704806e-02	3.423253e-01
35900	-1.555536e+03	9.918147e-01	2.785688e-01	2.820578e-01	9.704806e-02	3.423253e-01
36000	-1.544318e+03	1.040028e+00	2.586882e-01	2.893810e-01	1.019255e-01	3.500053e-01
36100	-1.544486e+03	1.025784e+00	2.586882e-01	2.836128e-01	1.076937e-01	3.500053e-01
36200	-1.546311e+03	1.003793e+00	2.761987e-01	2.308679e-01	1.146101e-01	3.783234e-01
36300	-1.548534e+03	1.005805e+00	2.817450e-01	2.336626e-01	1.146101e-01	3.699823e-01
36400	-1.551224e+03	1.076465e+00	2.666888e-01	2.557747e-01	1.154772e-01	3.620593e-01
36500	-1.558014e+03	1.064365e+00	2.806943e-01	2.500215e-01	1.146101e-01	3.546742e-01
36600	-1.551700e+03	1.022919e+00	2.613436e-01	2.663319e-01	1.177264e-01	3.545980e-01
36700	-1.558423e+03	1.037837e+00	2.926818e-01	2.492079e-01	1.178455e-01	3.402648e-01
36800	-1.557237e+03	9.647152e-01	3.110359e-01	2.429336e-01	1.159817e-01	3.300488e-01
36900	-1.557093e+03	1.046964e+00	2.984994e-01	2.433904e-01	1.178455e-01	3.402648e-01
37000	-1.572739e+03	1.150002e+00	2.998502e-01	2.521909e-01	9.830593e-02	3.496530e-01
37100	-1.535762e+03	9.656881e-01	2.544599e-01	2.521909e-01	1.101160e-01	3.832332e-01
37200	-1.530777e+03	9.793902e-01	2.629800e-01	2.528929e-01	1.068749e-01	3.772522e-01
37300	-1.560216e+03	1.125826e+00	2.636375e-01	3.064068e-01	1.025754e-01	3.273803e-01
37400	-1.563835e+03	1.138792e+00	2.595474e-01	2.946588e-01	1.218990e-01	3.238947e-01
37500	-1.539150e+03	9.794156e-01	2.595474e-01	2.946588e-01	1.201229e-01	3.256709e-01
37600	-1.563573e+03	1.079736e+00	2.650413e-01	2.706322e-01	1.060464e-01	3.582800e-01
37700	-1.555779e+03	1.066499e+00	2.860969e-01	2.729525e-01	1.066795e-01	3.342711e-01
37800	-1.561182e+03	1.093084e+00	2.653548e-01	2.732671e-01	1.055647e-01	3.558133e-01
37900	-1.537313e+03	9.750652e-01	2.869262e-01	2.299524e-01	1.166070e-01	3.665144e-01
38000	-1.533530e+03	9.652190e-01	2.799227e-01	2.299524e-01	1.236106e-01	3.665144e-01
38100	-1.550910e+03	1.040080e+00	2.774695e-01	2.732671e-01	1.055647e-01	3.436986e-01
38200	-1.563198e+03	1.080200e+00	2.774695e-01	2.747448e-01	1.055647e-01	3.422210e-01
38300	-1.553453e+03	1.025633e+00	2.760127e-01	2.870895e-01	1.145033e-01	3.223945e-01
38400	-1.544283e+03	1.012800e+00	2.776805e-01	2.448021e-01	1.184816e-01	3.590358e-01
38500	-1.562064e+03	1.044365e+00	2.715725e-01	3.102329e-01	9.838648e-02	3.198081e-01
38600	-1.556261e+03	1.052649e+00	2.502446e-01	2.533363e-01	1.069058e-01	3.895133e-01
38700	-1.561055e+03	1.088223e+00	2.502446e-01	2.480987e-01	1.377081e-01	3.639485e-01
38800	-1.541349e+03	1.008814e+00	2.529970e-01	2.453464e-01	1.377081e-01	3.639485e-01
38900	-1.540372e+03	1.011481e+00	2.529970e-01	2.453464e-01	1.377081e-01	3.639485e-01
39000	-1.543820e+03	9.907920e-01	2.787211e-01	2.209250e-01	1.229754e-01	3.773785e-01
39100	-1.537676e+03	9.856994e-01	2.602811e-01	2.796639e-01	9.610648e-02	3.639485e-01
39200	-1.538032e+03	9.874474e-01	2.602811e-01	2.796639e-01	9.610648e-02	3.639485e-01
39300	-1.539501e+03	9.936447e-01	2.442246e-01	2.743706e-01	1.174564e-01	3.639485e-01
39400	-1.560165e+03	1.000915e+00	2.580294e-01	2.801228e-01	9.432709e-02	3.675208e-01
39500	-1.554813e+03	1.109332e+00	2.861357e-01	2.475068e-01	9.927734e-02	3.670802e-01
39600	-1.548713e+03	1.075761e+00	2.653312e-01	2.650808e-01	1.059909e-01	3.635971e-01
39700	-1.537350e+03	9.770220e-01	2.739874e-01	2.779382e-01	1.164945e-01	3.315799e-01
39800	-1.556748e+03	1.096278e+00	2.972761e-01	2.641804e-01	1.033440e-01	3.351994e-01
39900	-1.550259e+03	1.054168e+00	2.972761e-01	2.649178e-01	1.026066e-01	3.351994e-01
40000	-1.557260e+03	1.101489e+00	2.972761e-01	2.649178e-01	1.026066e-01	3.351994e-01
40100	-1.545584e+03	1.065473e+00	2.972761e-01	2.649178e-01	1.026066e-01	3.351994e-01
40200	-1.565824e+03	1.132250e+00	2.552179e-01	2.567747e-01	1.192574e-01	3.687500e-01
40300	-1.534334e+03	1.017819e+00	3.019962e-01	2.601977e-01	1.026066e-01	3.351994e-01
40400	-1.533011e+03	1.025922e+00	3.019962e-01	2.601977e-01	1.026066e-01	3.351994e-01
40500	-1.533644e+03	9.928397e-01	3.019962e-01	2.601977e-01	1.026066e-01	3.351994e-01
40600	-1.538180e+03	9.868436e-01	3.019962e-01	2.601977e-01	9.738815e-02	3.404179e-01
40700	-1.532947e+03	9.788807e-01	2.931361e-01	2.575077e-01	1.175852e-01	3.317709e-01
40800	-1.531152e+03	9.730215e-01	2.684716e-01	2.638019e-01	1.008294e-01	3.668970e-01
40900	-1.540756e+03	1.058113e+00	2.744400e-01	3.041692e-01	9.949203e-02	3.218987e-01
41000	-1.543042e+03	1.069214e+00	2.744400e-01	3.041692e-01	9.949203e-02	3.218987e-01
41100	-1.536702e+03	1.036897e+00	2.522733e-01	2.726772e-01	1.262672e-01	3.487823e-01
41200	-1.538380e+03	1.027087e+00	2.728752e-01	2.655648e-01	1.030722e-01	3.584877e-01
41300	-1.535606e+03	1.011943e+00	2.728752e-01	2.655648e-01	1.030722e-01	3.584877e-01
41400	-1.536526e+03	1.009337e+00	2.728752e-01	2.655648e-01	1.030722e-01	3.584877e-01
41500	-1.551217e+03	1.076318e+00	2.854983e-01	2.553970e-01	1.008032e-01	3.583015e-01
41600	-1.549542e+03	1.108246e+00	2.778277e-01	2.632383e-01	1.215604e-01	3.373735e-01
41700	-1.545460e+03	1.082160e+00	2.602839e-01	2.683734e-01	1.146636e-01	3.566791e-01
41800	-1.542703e+03	1.063294e+00	2.602839e-01	2.683734e-01	1.146636e-01	3.566791e-01
41900	-1.556864e+03	1.050660e+00	2.542022e-01	2.459698e-01	1.371752e-01	3.626527e-01
42000	-1.549107e+03	1.073934e+00	2.415904e-01	2.936635e-01	1.302654e-01	3.344806e-01
42100	-1.551528e+03	1.109473e+00	2.769551e-01	2.582988e-01	1.302654e-01	3.344806e-01
42200	-1.552395e+03	1.117958e+00	2.769551e-01	2.656973e-01	1.228669e-01	3.344806e-01
42300	-1.560272e+03	1.149625e+00	2.769551e-01	2.448381e-01	1.228669e-01	3.553398e-01
42400	-1.539946e+03	1.004415e+00	2.496768e-01	2.981536e-01	1.099450e-01	3.422247e-01
42500	-1.528653e+03	9.479964e-01	2.548042e-01	2.978260e-01	1.085160e-01	3.388537e-01
42600	-1.563864e+03	1.072399e+00	2.639486e-01	2.698181e-01	1.140977e-01	3.521356e-01
42700	-1.534606e+03	9.679957e-01	2.917443e-01	2.574847e-01	8.871178e-02	3.620592e-01
42800	-1.530663e+03	9.690419e-01	2.828234e-01	2.574847e-01	9.763267e-02	3.620592e-01
42900	-1.533327e+03	9.740803e-01	2.828234e-01	2.512888e-01	9.763267e-02	3.682551e-01
43000	-1.552211e+03	1.080637e+00	2.828234e-01	2.512888e-01	9.763267e-02	3.682551e-01
43100	-1.555379e+03	1.095533e+00	2.870909e-01	2.393250e-01	9.763267e-02	3.759514e-01
43200	-1.544204e+03	1.045960e+00	2.873631e-01	2.393250e-01	1.008864e-01	3.724255e-01
43300	-1.551023e+03	1.086839e+00	3.000952e-01	2.450418e-01	1.130124e-01	3.418506e-01
43400	-1.553933e+03	1.084747e+00	2.855091e-01	2.960864e-01	9.789878e-02	3.205058e-01
43500	-1.539436e+03	1.028317e+00	2.855091e-01	2.960864e-01	9.789878e-02	3.205058e-01
43600	-1.537822e+03	1.050116e+00	2.855091e-01	2.960864e-01	9.789878e-02	3.205058e-01
43700	-1.539411e+03	1.076325e+00	2.533014e-01	2.977047e-01	9.047739e-02	3.585165e-01
43800	-1.553636e+03	1.127081e+00	2.273372e-01	2.977047e-01	1.164416e-01	3.585165e-01
43900	-1.544761e+03	1.088577e+00	2.273372e-01	2.977047e-01	1.164416e-01	3.585165e-01
44000	-1.539627e+03	1.051093e+00	2.536045e-01	2.660770e-01	1.262166e-01	3.541019e-01
44100	-1.549302e+03	1.083050e+00	2.536045e-01	2.660770e-01	1.262166e-01	3.541019e-01
44200	-1.527869e+03	9.718744e-01	2.584413e-01	2.768356e-01	1.195267e-01	3.451964e-01
44300	-1.536684e+03	1.036716e+00	2.584413e-01	2.768356e-01	1.195267e-01	3.451964e-01
44400	-1.538702e+03	1.076573e+00	2.584413e-01	2.768356e-01	1.195267e-01	3.451964e-01
44500	-1.537198e+03	1.061791e+00	2.584413e-01	2.434239e-01	1.195267e-01	3.786082e-01
44600	-1.545263e+03	1.103550e+00	2.584413e-01	2.434239e-01	1.195267e-01	3.786082e-01
44700	-1.551985e+03	1.131748e+00	2.741784e-01	2.434239e-01	1.037895e-01	3.786082e-01
44800	-1.544768e+03	1.097812e+00	2.486367e-01	2.689656e-01	1.037895e-01	3.786082e-01
44900	-1.550542e+03	1.116358e+00	2.515503e-01	2.560575e-01	1.185709e-01	3.738214e-01
45000	-1.551107e+03	1.040899e+00	2.367575e-01	3.113933e-01	1.170619e-01	3.347872e-01
45100	-1.547358e+03	1.011046e+00	2.367575e-01	3.113933e-01	1.170619e-01	3.347872e-01
45200	-1.549163e+03	1.085764e+00	2.515503e-01	2.560575e-01	1.185709e-01	3.738214e-01
45300	-1.559564e+03	1.048640e+00	2.310135e-01	2.885971e-01	1.176869e-01	3.627025e-01
45400	-1.534923e+03	9.782525e-01	2.529529e-01	2.972942e-01	1.159399e-01	3.338129e-01
45500	-1.536166e+03	1.020708e+00	2.529529e-01	2.972942e-01	1.159399e-01	3.338129e-01
45600	-1.585681e+03	1.168241e+00	2.580285e-01	2.572097e-01	1.181558e-01	3.666059e-01
45700	-1.549845e+03	1.058443e+00	2.667684e-01	2.954227e-01	1.039959e-01	3.338129e-01
45800	-1.535526e+03	9.967359e-01	2.667684e-01	2.861846e-01	1.132341e-01	3.338129e-01
45900	-1.540433e+03	1.004270e+00	2.531920e-01	2.725571e-01	9.574150e-02	3.785094e-01
46000	-1.564059e+03	1.131260e+00	2.531920e-01	2.725571e-01	9.574150e-02	3.785094e-01
46100	-1.554164e+03	1.088242e+00	2.531920e-01	2.725571e-01	9.574150e-02	3.785094e-01
46200	-1.529279e+03	1.012153e+00	2.665349e-01	2.823111e-01	1.141619e-01	3.369921e-01
46300	-1.524095e+03	9.815869e-01	2.637766e-01	2.836473e-01	1.076152e-01	3.449608e-01
46400	-1.530971e+03	1.021668e+00	2.637766e-01	2.836473e-01	1.076152e-01	3.449608e-01
46500	-1.544854e+03	1.071278e+00	2.637766e-01	2.836473e-01	1.076152e-01	3.449608e-01
46600	-1.548439e+03	9.939669e-01	2.599036e-01	2.658455e-01	9.574150e-02	3.785094e-01
46700	-1.548434e+03	1.007740e+00	2.599036e-01	2.336620e-01	1.279250e-01	3.785094e-01
46800	-1.540415e+03	9.805827e-01	2.637766e-01	2.799782e-01	1.112843e-01	3.449608e-01
46900	-1.556533e+03	1.045196e+00	2.657814e-01	2.566553e-01	1.318358e-01	3.457275e-01
47000	-1.552244e+03	1.047971e+00	2.513035e-01	2.625691e-01	1.262881e-01	3.598393e-01
